1.0 0.0 0.0 0.1595729601823425
0.9045340337332907 0.3015113445777633 0.3015113445777633 0.25350561089731294
0.9045340337332907 0.3015113445777633 -0.3015113445777633 0.25350561089731294
0.9045340337332907 -0.3015113445777633 0.3015113445777633 0.25350561089731294
0.9045340337332907 -0.3015113445777633 -0.3015113445777633 0.25350561089731294
0.7071067811865475 0.7071067811865475 0.0 0.2836852625463769
0.7071067811865475 0.0 0.7071067811865475 0.2836852625463769
0.7071067811865475 0.0 -0.7071067811865475 0.2836852625463769
0.7071067811865475 -0.7071067811865475 0.0 0.2836852625463769
0.5773502691896257 0.5773502691896257 0.5773502691896257 0.2650718801466388
0.5773502691896257 0.5773502691896257 -0.5773502691896257 0.2650718801466388
0.5773502691896257 -0.5773502691896257 0.5773502691896257 0.2650718801466388
0.5773502691896257 -0.5773502691896257 -0.5773502691896257 0.2650718801466388
0.3015113445777633 0.9045340337332907 0.3015113445777633 0.25350561089731294
0.3015113445777633 0.9045340337332907 -0.3015113445777633 0.25350561089731294
0.3015113445777633 0.3015113445777633 0.9045340337332907 0.25350561089731294
0.3015113445777633 0.3015113445777633 -0.9045340337332907 0.25350561089731294
0.3015113445777633 -0.3015113445777633 0.9045340337332907 0.25350561089731294
0.3015113445777633 -0.3015113445777633 -0.9045340337332907 0.25350561089731294
0.3015113445777633 -0.9045340337332907 0.3015113445777633 0.25350561089731294
0.3015113445777633 -0.9045340337332907 -0.3015113445777633 0.25350561089731294
0.0 1.0 0.0 0.1595729601823425
0.0 0.7071067811865475 0.7071067811865475 0.2836852625463769
0.0 0.7071067811865475 -0.7071067811865475 0.2836852625463769
0.0 0.0 1.0 0.1595729601823425
0.0 0.0 -1.0 0.1595729601823425
0.0 -0.7071067811865475 0.7071067811865475 0.2836852625463769
0.0 -0.7071067811865475 -0.7071067811865475 0.2836852625463769
0.0 -1.0 0.0 0.1595729601823425
-0.3015113445777633 0.9045340337332907 0.3015113445777633 0.25350561089731294
-0.3015113445777633 0.9045340337332907 -0.3015113445777633 0.25350561089731294
-0.3015113445777633 0.3015113445777633 0.9045340337332907 0.25350561089731294
-0.3015113445777633 0.3015113445777633 -0.9045340337332907 0.25350561089731294
-0.3015113445777633 -0.3015113445777633 0.9045340337332907 0.25350561089731294
-0.3015113445777633 -0.3015113445777633 -0.9045340337332907 0.25350561089731294
-0.3015113445777633 -0.9045340337332907 0.3015113445777633 0.25350561089731294
-0.3015113445777633 -0.9045340337332907 -0.3015113445777633 0.25350561089731294
-0.5773502691896257 0.5773502691896257 0.5773502691896257 0.2650718801466388
-0.5773502691896257 0.5773502691896257 -0.5773502691896257 0.2650718801466388
-0.5773502691896257 -0.5773502691896257 0.5773502691896257 0.2650718801466388
-0.5773502691896257 -0.5773502691896257 -0.5773502691896257 0.2650718801466388
-0.7071067811865475 0.7071067811865475 0.0 0.2836852625463769
-0.7071067811865475 0.0 0.7071067811865475 0.2836852625463769
-0.7071067811865475 0.0 -0.7071067811865475 0.2836852625463769
-0.7071067811865475 -0.7071067811865475 0.0 0.2836852625463769
-0.9045340337332907 0.3015113445777633 0.3015113445777633 0.25350561089731294
-0.9045340337332907 0.3015113445777633 -0.3015113445777633 0.25350561089731294
-0.9045340337332907 -0.3015113445777633 0.3015113445777633 0.25350561089731294
-0.9045340337332907 -0.3015113445777633 -0.3015113445777633 0.25350561089731294
-1.0 0.0 0.0 0.1595729601823425
