1.0 0.0 0.0 0.006447392330601474
0.9471562213625878 0.32077264898077607 0.0 0.20762372406085025
0.9471562213625878 0.0 0.32077264898077607 0.20762372406085025
0.9471562213625878 0.0 -0.32077264898077607 0.20762372406085025
0.9471562213625878 -0.32077264898077607 0.0 0.20762372406085025
0.7337993857053426 0.48038446141526114 0.48038446141526114 0.33396646771836697
0.7337993857053426 0.48038446141526114 -0.48038446141526114 0.33396646771836697
0.7337993857053426 -0.48038446141526114 0.48038446141526114 0.33396646771836697
0.7337993857053426 -0.48038446141526114 -0.48038446141526114 0.33396646771836697
0.7071067811865475 0.7071067811865475 0.0 0.20865289186971575
0.7071067811865475 0.0 0.7071067811865475 0.20865289186971575
0.7071067811865475 0.0 -0.7071067811865475 0.20865289186971575
0.7071067811865475 -0.7071067811865475 0.0 0.20865289186971575
0.5773502691896257 0.5773502691896257 0.5773502691896257 -0.37178913059528607
0.5773502691896257 0.5773502691896257 -0.5773502691896257 -0.37178913059528607
0.5773502691896257 -0.5773502691896257 0.5773502691896257 -0.37178913059528607
0.5773502691896257 -0.5773502691896257 -0.5773502691896257 -0.37178913059528607
0.48038446141526114 0.7337993857053426 0.48038446141526114 0.33396646771836697
0.48038446141526114 0.7337993857053426 -0.48038446141526114 0.33396646771836697
0.48038446141526114 0.48038446141526114 0.7337993857053426 0.33396646771836697
0.48038446141526114 0.48038446141526114 -0.7337993857053426 0.33396646771836697
0.48038446141526114 -0.48038446141526114 0.7337993857053426 0.33396646771836697
0.48038446141526114 -0.48038446141526114 -0.7337993857053426 0.33396646771836697
0.48038446141526114 -0.7337993857053426 0.48038446141526114 0.33396646771836697
0.48038446141526114 -0.7337993857053426 -0.48038446141526114 0.33396646771836697
0.32077264898077607 0.9471562213625878 0.0 0.20762372406085025
0.32077264898077607 0.0 0.9471562213625878 0.20762372406085025
0.32077264898077607 0.0 -0.9471562213625878 0.20762372406085025
0.32077264898077607 -0.9471562213625878 0.0 0.20762372406085025
0.0 1.0 0.0 0.006447392330601474
0.0 0.9471562213625878 0.32077264898077607 0.20762372406085025
0.0 0.9471562213625878 -0.32077264898077607 0.20762372406085025
0.0 0.7071067811865475 0.7071067811865475 0.20865289186971575
0.0 0.7071067811865475 -0.7071067811865475 0.20865289186971575
0.0 0.32077264898077607 0.9471562213625878 0.20762372406085025
0.0 0.32077264898077607 -0.9471562213625878 0.20762372406085025
0.0 0.0 1.0 0.006447392330601474
0.0 0.0 -1.0 0.006447392330601474
0.0 -0.32077264898077607 0.9471562213625878 0.20762372406085025
0.0 -0.32077264898077607 -0.9471562213625878 0.20762372406085025
0.0 -0.7071067811865475 0.7071067811865475 0.20865289186971575
0.0 -0.7071067811865475 -0.7071067811865475 0.20865289186971575
0.0 -0.9471562213625878 0.32077264898077607 0.20762372406085025
0.0 -0.9471562213625878 -0.32077264898077607 0.20762372406085025
0.0 -1.0 0.0 0.006447392330601474
-0.32077264898077607 0.9471562213625878 0.0 0.20762372406085025
-0.32077264898077607 0.0 0.9471562213625878 0.20762372406085025
-0.32077264898077607 0.0 -0.9471562213625878 0.20762372406085025
-0.32077264898077607 -0.9471562213625878 0.0 0.20762372406085025
-0.48038446141526114 0.7337993857053426 0.48038446141526114 0.33396646771836697
-0.48038446141526114 0.7337993857053426 -0.48038446141526114 0.33396646771836697
-0.48038446141526114 0.48038446141526114 0.7337993857053426 0.33396646771836697
-0.48038446141526114 0.48038446141526114 -0.7337993857053426 0.33396646771836697
-0.48038446141526114 -0.48038446141526114 0.7337993857053426 0.33396646771836697
-0.48038446141526114 -0.48038446141526114 -0.7337993857053426 0.33396646771836697
-0.48038446141526114 -0.7337993857053426 0.48038446141526114 0.33396646771836697
-0.48038446141526114 -0.7337993857053426 -0.48038446141526114 0.33396646771836697
-0.5773502691896257 0.5773502691896257 0.5773502691896257 -0.37178913059528607
-0.5773502691896257 0.5773502691896257 -0.5773502691896257 -0.37178913059528607
-0.5773502691896257 -0.5773502691896257 0.5773502691896257 -0.37178913059528607
-0.5773502691896257 -0.5773502691896257 -0.5773502691896257 -0.37178913059528607
-0.7071067811865475 0.7071067811865475 0.0 0.20865289186971575
-0.7071067811865475 0.0 0.7071067811865475 0.20865289186971575
-0.7071067811865475 0.0 -0.7071067811865475 0.20865289186971575
-0.7071067811865475 -0.7071067811865475 0.0 0.20865289186971575
-0.7337993857053426 0.48038446141526114 0.48038446141526114 0.33396646771836697
-0.7337993857053426 0.48038446141526114 -0.48038446141526114 0.33396646771836697
-0.7337993857053426 -0.48038446141526114 0.48038446141526114 0.33396646771836697
-0.7337993857053426 -0.48038446141526114 -0.48038446141526114 0.33396646771836697
-0.9471562213625878 0.32077264898077607 0.0 0.20762372406085025
-0.9471562213625878 0.0 0.32077264898077607 0.20762372406085025
-0.9471562213625878 0.0 -0.32077264898077607 0.20762372406085025
-0.9471562213625878 -0.32077264898077607 0.0 0.20762372406085025
-1.0 0.0 0.0 0.006447392330601474
