1.0 0.0 0.0 0.14506632743849546
0.9273306571511725 0.3742430390903412 0.0 0.14843778669297916
0.9273306571511725 0.0 0.3742430390903412 0.14843778669297916
0.9273306571511725 0.0 -0.3742430390903412 0.14843778669297916
0.9273306571511725 -0.3742430390903412 0.0 0.14843778669297916
0.8525183117012676 0.36960284645414976 0.36960284645414976 0.13961936079092202
0.8525183117012676 0.36960284645414976 -0.36960284645414976 0.13961936079092202
0.8525183117012676 -0.36960284645414976 0.36960284645414976 0.13961936079092202
0.8525183117012676 -0.36960284645414976 -0.36960284645414976 0.13961936079092202
0.6943540066026662 0.6943540066026662 0.1890635528853946 0.14924451686906842
0.6943540066026662 0.6943540066026662 -0.1890635528853946 0.14924451686906842
0.6943540066026662 0.1890635528853946 0.6943540066026662 0.14924451686906842
0.6943540066026662 0.1890635528853946 -0.6943540066026662 0.14924451686906842
0.6943540066026662 -0.1890635528853946 0.6943540066026662 0.14924451686906842
0.6943540066026662 -0.1890635528853946 -0.6943540066026662 0.14924451686906842
0.6943540066026662 -0.6943540066026662 0.1890635528853946 0.14924451686906842
0.6943540066026662 -0.6943540066026662 -0.1890635528853946 0.14924451686906842
0.5773502691896257 0.5773502691896257 0.5773502691896257 0.15009158815707838
0.5773502691896257 0.5773502691896257 -0.5773502691896257 0.15009158815707838
0.5773502691896257 -0.5773502691896257 0.5773502691896257 0.15009158815707838
0.5773502691896257 -0.5773502691896257 -0.5773502691896257 0.15009158815707838
0.3742430390903412 0.9273306571511725 0.0 0.14843778669297916
0.3742430390903412 0.0 0.9273306571511725 0.14843778669297916
0.3742430390903412 0.0 -0.9273306571511725 0.14843778669297916
0.3742430390903412 -0.9273306571511725 0.0 0.14843778669297916
0.36960284645414976 0.8525183117012676 0.36960284645414976 0.13961936079092202
0.36960284645414976 0.8525183117012676 -0.36960284645414976 0.13961936079092202
0.36960284645414976 0.36960284645414976 0.8525183117012676 0.13961936079092202
0.36960284645414976 0.36960284645414976 -0.8525183117012676 0.13961936079092202
0.36960284645414976 -0.36960284645414976 0.8525183117012676 0.13961936079092202
0.36960284645414976 -0.36960284645414976 -0.8525183117012676 0.13961936079092202
0.36960284645414976 -0.8525183117012676 0.36960284645414976 0.13961936079092202
0.36960284645414976 -0.8525183117012676 -0.36960284645414976 0.13961936079092202
0.1890635528853946 0.6943540066026662 0.6943540066026662 0.14924451686906842
0.1890635528853946 0.6943540066026662 -0.6943540066026662 0.14924451686906842
0.1890635528853946 -0.6943540066026662 0.6943540066026662 0.14924451686906842
0.1890635528853946 -0.6943540066026662 -0.6943540066026662 0.14924451686906842
0.0 1.0 0.0 0.14506632743849546
0.0 0.9273306571511725 0.3742430390903412 0.14843778669297916
0.0 0.9273306571511725 -0.3742430390903412 0.14843778669297916
0.0 0.3742430390903412 0.9273306571511725 0.14843778669297916
0.0 0.3742430390903412 -0.9273306571511725 0.14843778669297916
0.0 0.0 1.0 0.14506632743849546
0.0 0.0 -1.0 0.14506632743849546
0.0 -0.3742430390903412 0.9273306571511725 0.14843778669297916
0.0 -0.3742430390903412 -0.9273306571511725 0.14843778669297916
0.0 -0.9273306571511725 0.3742430390903412 0.14843778669297916
0.0 -0.9273306571511725 -0.3742430390903412 0.14843778669297916
0.0 -1.0 0.0 0.14506632743849546
-0.1890635528853946 0.6943540066026662 0.6943540066026662 0.14924451686906842
-0.1890635528853946 0.6943540066026662 -0.6943540066026662 0.14924451686906842
-0.1890635528853946 -0.6943540066026662 0.6943540066026662 0.14924451686906842
-0.1890635528853946 -0.6943540066026662 -0.6943540066026662 0.14924451686906842
-0.36960284645414976 0.8525183117012676 0.36960284645414976 0.13961936079092202
-0.36960284645414976 0.8525183117012676 -0.36960284645414976 0.13961936079092202
-0.36960284645414976 0.36960284645414976 0.8525183117012676 0.13961936079092202
-0.36960284645414976 0.36960284645414976 -0.8525183117012676 0.13961936079092202
-0.36960284645414976 -0.36960284645414976 0.8525183117012676 0.13961936079092202
-0.36960284645414976 -0.36960284645414976 -0.8525183117012676 0.13961936079092202
-0.36960284645414976 -0.8525183117012676 0.36960284645414976 0.13961936079092202
-0.36960284645414976 -0.8525183117012676 -0.36960284645414976 0.13961936079092202
-0.3742430390903412 0.9273306571511725 0.0 0.14843778669297916
-0.3742430390903412 0.0 0.9273306571511725 0.14843778669297916
-0.3742430390903412 0.0 -0.9273306571511725 0.14843778669297916
-0.3742430390903412 -0.9273306571511725 0.0 0.14843778669297916
-0.5773502691896257 0.5773502691896257 0.5773502691896257 0.15009158815707838
-0.5773502691896257 0.5773502691896257 -0.5773502691896257 0.15009158815707838
-0.5773502691896257 -0.5773502691896257 0.5773502691896257 0.15009158815707838
-0.5773502691896257 -0.5773502691896257 -0.5773502691896257 0.15009158815707838
-0.6943540066026662 0.6943540066026662 0.1890635528853946 0.14924451686906842
-0.6943540066026662 0.6943540066026662 -0.1890635528853946 0.14924451686906842
-0.6943540066026662 0.1890635528853946 0.6943540066026662 0.14924451686906842
-0.6943540066026662 0.1890635528853946 -0.6943540066026662 0.14924451686906842
-0.6943540066026662 -0.1890635528853946 0.6943540066026662 0.14924451686906842
-0.6943540066026662 -0.1890635528853946 -0.6943540066026662 0.14924451686906842
-0.6943540066026662 -0.6943540066026662 0.1890635528853946 0.14924451686906842
-0.6943540066026662 -0.6943540066026662 -0.1890635528853946 0.14924451686906842
-0.8525183117012676 0.36960284645414976 0.36960284645414976 0.13961936079092202
-0.8525183117012676 0.36960284645414976 -0.36960284645414976 0.13961936079092202
-0.8525183117012676 -0.36960284645414976 0.36960284645414976 0.13961936079092202
-0.8525183117012676 -0.36960284645414976 -0.36960284645414976 0.13961936079092202
-0.9273306571511725 0.3742430390903412 0.0 0.14843778669297916
-0.9273306571511725 0.0 0.3742430390903412 0.14843778669297916
-0.9273306571511725 0.0 -0.3742430390903412 0.14843778669297916
-0.9273306571511725 -0.3742430390903412 0.0 0.14843778669297916
-1.0 0.0 0.0 0.14506632743849546
