1.0 0.0 0.0 0.04810746585139456
0.965124035086594 0.18511563534473616 0.18511563534473616 0.10319173408832902
0.965124035086594 0.18511563534473616 -0.18511563534473616 0.10319173408832902
0.965124035086594 -0.18511563534473616 0.18511563534473616 0.10319173408832902
0.965124035086594 -0.18511563534473616 -0.18511563534473616 0.10319173408832902
0.878158910604066 0.47836902881215015 0.0 0.12183091738552103
0.878158910604066 0.0 0.47836902881215015 0.12183091738552103
0.878158910604066 0.0 -0.47836902881215015 0.12183091738552103
0.878158910604066 -0.47836902881215015 0.0 0.12183091738552103
0.8287699812525923 0.3956894730559416 0.3956894730559416 0.12058024902852836
0.8287699812525923 0.3956894730559416 -0.3956894730559416 0.12058024902852836
0.8287699812525923 -0.3956894730559416 0.3956894730559416 0.12058024902852836
0.8287699812525923 -0.3956894730559416 -0.3956894730559416 0.12058024902852836
0.6904210483822921 0.6904210483822921 0.21595729184584847 0.12494509687251203
0.6904210483822921 0.6904210483822921 -0.21595729184584847 0.12494509687251203
0.6904210483822921 0.21595729184584847 0.6904210483822921 0.12494509687251203
0.6904210483822921 0.21595729184584847 -0.6904210483822921 0.12494509687251203
0.6904210483822921 -0.21595729184584847 0.6904210483822921 0.12494509687251203
0.6904210483822921 -0.21595729184584847 -0.6904210483822921 0.12494509687251203
0.6904210483822921 -0.6904210483822921 0.21595729184584847 0.12494509687251203
0.6904210483822921 -0.6904210483822921 -0.21595729184584847 0.12494509687251203
0.5773502691896257 0.5773502691896257 0.5773502691896257 0.12307173528167631
0.5773502691896257 0.5773502691896257 -0.5773502691896257 0.12307173528167631
0.5773502691896257 -0.5773502691896257 0.5773502691896257 0.12307173528167631
0.5773502691896257 -0.5773502691896257 -0.5773502691896257 0.12307173528167631
0.47836902881215015 0.878158910604066 0.0 0.12183091738552103
0.47836902881215015 0.0 0.878158910604066 0.12183091738552103
0.47836902881215015 0.0 -0.878158910604066 0.12183091738552103
0.47836902881215015 -0.878158910604066 0.0 0.12183091738552103
0.3956894730559416 0.8287699812525923 0.3956894730559416 0.12058024902852836
0.3956894730559416 0.8287699812525923 -0.3956894730559416 0.12058024902852836
0.3956894730559416 0.3956894730559416 0.8287699812525923 0.12058024902852836
0.3956894730559416 0.3956894730559416 -0.8287699812525923 0.12058024902852836
0.3956894730559416 -0.3956894730559416 0.8287699812525923 0.12058024902852836
0.3956894730559416 -0.3956894730559416 -0.8287699812525923 0.12058024902852836
0.3956894730559416 -0.8287699812525923 0.3956894730559416 0.12058024902852836
0.3956894730559416 -0.8287699812525923 -0.3956894730559416 0.12058024902852836
0.21595729184584847 0.6904210483822921 0.6904210483822921 0.12494509687251203
0.21595729184584847 0.6904210483822921 -0.6904210483822921 0.12494509687251203
0.21595729184584847 -0.6904210483822921 0.6904210483822921 0.12494509687251203
0.21595729184584847 -0.6904210483822921 -0.6904210483822921 0.12494509687251203
0.18511563534473616 0.965124035086594 0.18511563534473616 0.10319173408832902
0.18511563534473616 0.965124035086594 -0.18511563534473616 0.10319173408832902
0.18511563534473616 0.18511563534473616 0.965124035086594 0.10319173408832902
0.18511563534473616 0.18511563534473616 -0.965124035086594 0.10319173408832902
0.18511563534473616 -0.18511563534473616 0.965124035086594 0.10319173408832902
0.18511563534473616 -0.18511563534473616 -0.965124035086594 0.10319173408832902
0.18511563534473616 -0.965124035086594 0.18511563534473616 0.10319173408832902
0.18511563534473616 -0.965124035086594 -0.18511563534473616 0.10319173408832902
0.0 1.0 0.0 0.04810746585139456
0.0 0.878158910604066 0.47836902881215015 0.12183091738552103
0.0 0.878158910604066 -0.47836902881215015 0.12183091738552103
0.0 0.47836902881215015 0.878158910604066 0.12183091738552103
0.0 0.47836902881215015 -0.878158910604066 0.12183091738552103
0.0 0.0 1.0 0.04810746585139456
0.0 0.0 -1.0 0.04810746585139456
0.0 -0.47836902881215015 0.878158910604066 0.12183091738552103
0.0 -0.47836902881215015 -0.878158910604066 0.12183091738552103
0.0 -0.878158910604066 0.47836902881215015 0.12183091738552103
0.0 -0.878158910604066 -0.47836902881215015 0.12183091738552103
0.0 -1.0 0.0 0.04810746585139456
-0.18511563534473616 0.965124035086594 0.18511563534473616 0.10319173408832902
-0.18511563534473616 0.965124035086594 -0.18511563534473616 0.10319173408832902
-0.18511563534473616 0.18511563534473616 0.965124035086594 0.10319173408832902
-0.18511563534473616 0.18511563534473616 -0.965124035086594 0.10319173408832902
-0.18511563534473616 -0.18511563534473616 0.965124035086594 0.10319173408832902
-0.18511563534473616 -0.18511563534473616 -0.965124035086594 0.10319173408832902
-0.18511563534473616 -0.965124035086594 0.18511563534473616 0.10319173408832902
-0.18511563534473616 -0.965124035086594 -0.18511563534473616 0.10319173408832902
-0.21595729184584847 0.6904210483822921 0.6904210483822921 0.12494509687251203
-0.21595729184584847 0.6904210483822921 -0.6904210483822921 0.12494509687251203
-0.21595729184584847 -0.6904210483822921 0.6904210483822921 0.12494509687251203
-0.21595729184584847 -0.6904210483822921 -0.6904210483822921 0.12494509687251203
-0.3956894730559416 0.8287699812525923 0.3956894730559416 0.12058024902852836
-0.3956894730559416 0.8287699812525923 -0.3956894730559416 0.12058024902852836
-0.3956894730559416 0.3956894730559416 0.8287699812525923 0.12058024902852836
-0.3956894730559416 0.3956894730559416 -0.8287699812525923 0.12058024902852836
-0.3956894730559416 -0.3956894730559416 0.8287699812525923 0.12058024902852836
-0.3956894730559416 -0.3956894730559416 -0.8287699812525923 0.12058024902852836
-0.3956894730559416 -0.8287699812525923 0.3956894730559416 0.12058024902852836
-0.3956894730559416 -0.8287699812525923 -0.3956894730559416 0.12058024902852836
-0.47836902881215015 0.878158910604066 0.0 0.12183091738552103
-0.47836902881215015 0.0 0.878158910604066 0.12183091738552103
-0.47836902881215015 0.0 -0.878158910604066 0.12183091738552103
-0.47836902881215015 -0.878158910604066 0.0 0.12183091738552103
-0.5773502691896257 0.5773502691896257 0.5773502691896257 0.12307173528167631
-0.5773502691896257 0.5773502691896257 -0.5773502691896257 0.12307173528167631
-0.5773502691896257 -0.5773502691896257 0.5773502691896257 0.12307173528167631
-0.5773502691896257 -0.5773502691896257 -0.5773502691896257 0.12307173528167631
-0.6904210483822921 0.6904210483822921 0.21595729184584847 0.12494509687251203
-0.6904210483822921 0.6904210483822921 -0.21595729184584847 0.12494509687251203
-0.6904210483822921 0.21595729184584847 0.6904210483822921 0.12494509687251203
-0.6904210483822921 0.21595729184584847 -0.6904210483822921 0.12494509687251203
-0.6904210483822921 -0.21595729184584847 0.6904210483822921 0.12494509687251203
-0.6904210483822921 -0.21595729184584847 -0.6904210483822921 0.12494509687251203
-0.6904210483822921 -0.6904210483822921 0.21595729184584847 0.12494509687251203
-0.6904210483822921 -0.6904210483822921 -0.21595729184584847 0.12494509687251203
-0.8287699812525923 0.3956894730559416 0.3956894730559416 0.12058024902852836
-0.8287699812525923 0.3956894730559416 -0.3956894730559416 0.12058024902852836
-0.8287699812525923 -0.3956894730559416 0.3956894730559416 0.12058024902852836
-0.8287699812525923 -0.3956894730559416 -0.3956894730559416 0.12058024902852836
-0.878158910604066 0.47836902881215015 0.0 0.12183091738552103
-0.878158910604066 0.0 0.47836902881215015 0.12183091738552103
-0.878158910604066 0.0 -0.47836902881215015 0.12183091738552103
-0.878158910604066 -0.47836902881215015 0.0 0.12183091738552103
-0.965124035086594 0.18511563534473616 0.18511563534473616 0.10319173408832902
-0.965124035086594 0.18511563534473616 -0.18511563534473616 0.10319173408832902
-0.965124035086594 -0.18511563534473616 0.18511563534473616 0.10319173408832902
-0.965124035086594 -0.18511563534473616 -0.18511563534473616 0.10319173408832902
-1.0 0.0 0.0 0.04810746585139456
