1.0 0.0 0.0 0.007535190013115402
0.9748886436771732 0.15746766720390803 0.15746766720390803 0.09518264418190994
0.9748886436771732 0.15746766720390803 -0.15746766720390803 0.09518264418190994
0.9748886436771732 -0.15746766720390803 0.15746766720390803 0.09518264418190994
0.9748886436771732 -0.15746766720390803 -0.15746766720390803 0.09518264418190994
0.8822700112603227 0.4493328323269554 0.14035538117131802 0.08785259467896486
0.8822700112603227 0.4493328323269554 -0.14035538117131802 0.08785259467896486
0.8822700112603227 0.14035538117131802 0.4493328323269554 0.08785259467896486
0.8822700112603227 0.14035538117131802 -0.4493328323269554 0.08785259467896486
0.8822700112603227 -0.14035538117131802 0.4493328323269554 0.08785259467896486
0.8822700112603227 -0.14035538117131802 -0.4493328323269554 0.08785259467896486
0.8822700112603227 -0.4493328323269554 0.14035538117131802 0.08785259467896486
0.8822700112603227 -0.4493328323269554 -0.14035538117131802 0.08785259467896486
0.8070898183595825 0.4174961227965452 0.4174961227965452 0.08487112439120875
0.8070898183595825 0.4174961227965452 -0.4174961227965452 0.08487112439120875
0.8070898183595825 -0.4174961227965452 0.4174961227965452 0.08487112439120875
0.8070898183595825 -0.4174961227965452 -0.4174961227965452 0.08487112439120875
0.7071067811865475 0.7071067811865475 0.0 0.09265184700375738
0.7071067811865475 0.0 0.7071067811865475 0.09265184700375738
0.7071067811865475 0.0 -0.7071067811865475 0.09265184700375738
0.7071067811865475 -0.7071067811865475 0.0 0.09265184700375738
0.6764410400114262 0.6764410400114262 0.2912988822095263 0.08942676055005151
0.6764410400114262 0.6764410400114262 -0.2912988822095263 0.08942676055005151
0.6764410400114262 0.2912988822095263 0.6764410400114262 0.08942676055005151
0.6764410400114262 0.2912988822095263 -0.6764410400114262 0.08942676055005151
0.6764410400114262 -0.2912988822095263 0.6764410400114262 0.08942676055005151
0.6764410400114262 -0.2912988822095263 -0.6764410400114262 0.08942676055005151
0.6764410400114262 -0.6764410400114262 0.2912988822095263 0.08942676055005151
0.6764410400114262 -0.6764410400114262 -0.2912988822095263 0.08942676055005151
0.5773502691896257 0.5773502691896257 0.5773502691896257 0.09061000833609902
0.5773502691896257 0.5773502691896257 -0.5773502691896257 0.09061000833609902
0.5773502691896257 -0.5773502691896257 0.5773502691896257 0.09061000833609902
0.5773502691896257 -0.5773502691896257 -0.5773502691896257 0.09061000833609902
0.4493328323269554 0.8822700112603227 0.14035538117131802 0.08785259467896486
0.4493328323269554 0.8822700112603227 -0.14035538117131802 0.08785259467896486
0.4493328323269554 0.14035538117131802 0.8822700112603227 0.08785259467896486
0.4493328323269554 0.14035538117131802 -0.8822700112603227 0.08785259467896486
0.4493328323269554 -0.14035538117131802 0.8822700112603227 0.08785259467896486
0.4493328323269554 -0.14035538117131802 -0.8822700112603227 0.08785259467896486
0.4493328323269554 -0.8822700112603227 0.14035538117131802 0.08785259467896486
0.4493328323269554 -0.8822700112603227 -0.14035538117131802 0.08785259467896486
0.4174961227965452 0.8070898183595825 0.4174961227965452 0.08487112439120875
0.4174961227965452 0.8070898183595825 -0.4174961227965452 0.08487112439120875
0.4174961227965452 0.4174961227965452 0.8070898183595825 0.08487112439120875
0.4174961227965452 0.4174961227965452 -0.8070898183595825 0.08487112439120875
0.4174961227965452 -0.4174961227965452 0.8070898183595825 0.08487112439120875
0.4174961227965452 -0.4174961227965452 -0.8070898183595825 0.08487112439120875
0.4174961227965452 -0.8070898183595825 0.4174961227965452 0.08487112439120875
0.4174961227965452 -0.8070898183595825 -0.4174961227965452 0.08487112439120875
0.2912988822095263 0.6764410400114262 0.6764410400114262 0.08942676055005151
0.2912988822095263 0.6764410400114262 -0.6764410400114262 0.08942676055005151
0.2912988822095263 -0.6764410400114262 0.6764410400114262 0.08942676055005151
0.2912988822095263 -0.6764410400114262 -0.6764410400114262 0.08942676055005151
0.15746766720390803 0.9748886436771732 0.15746766720390803 0.09518264418190994
0.15746766720390803 0.9748886436771732 -0.15746766720390803 0.09518264418190994
0.15746766720390803 0.15746766720390803 0.9748886436771732 0.09518264418190994
0.15746766720390803 0.15746766720390803 -0.9748886436771732 0.09518264418190994
0.15746766720390803 -0.15746766720390803 0.9748886436771732 0.09518264418190994
0.15746766720390803 -0.15746766720390803 -0.9748886436771732 0.09518264418190994
0.15746766720390803 -0.9748886436771732 0.15746766720390803 0.09518264418190994
0.15746766720390803 -0.9748886436771732 -0.15746766720390803 0.09518264418190994
0.14035538117131802 0.8822700112603227 0.4493328323269554 0.08785259467896486
0.14035538117131802 0.8822700112603227 -0.4493328323269554 0.08785259467896486
0.14035538117131802 0.4493328323269554 0.8822700112603227 0.08785259467896486
0.14035538117131802 0.4493328323269554 -0.8822700112603227 0.08785259467896486
0.14035538117131802 -0.4493328323269554 0.8822700112603227 0.08785259467896486
0.14035538117131802 -0.4493328323269554 -0.8822700112603227 0.08785259467896486
0.14035538117131802 -0.8822700112603227 0.4493328323269554 0.08785259467896486
0.14035538117131802 -0.8822700112603227 -0.4493328323269554 0.08785259467896486
0.0 1.0 0.0 0.007535190013115402
0.0 0.7071067811865475 0.7071067811865475 0.09265184700375738
0.0 0.7071067811865475 -0.7071067811865475 0.09265184700375738
0.0 0.0 1.0 0.007535190013115402
0.0 0.0 -1.0 0.007535190013115402
0.0 -0.7071067811865475 0.7071067811865475 0.09265184700375738
0.0 -0.7071067811865475 -0.7071067811865475 0.09265184700375738
0.0 -1.0 0.0 0.007535190013115402
-0.14035538117131802 0.8822700112603227 0.4493328323269554 0.08785259467896486
-0.14035538117131802 0.8822700112603227 -0.4493328323269554 0.08785259467896486
-0.14035538117131802 0.4493328323269554 0.8822700112603227 0.08785259467896486
-0.14035538117131802 0.4493328323269554 -0.8822700112603227 0.08785259467896486
-0.14035538117131802 -0.4493328323269554 0.8822700112603227 0.08785259467896486
-0.14035538117131802 -0.4493328323269554 -0.8822700112603227 0.08785259467896486
-0.14035538117131802 -0.8822700112603227 0.4493328323269554 0.08785259467896486
-0.14035538117131802 -0.8822700112603227 -0.4493328323269554 0.08785259467896486
-0.15746766720390803 0.9748886436771732 0.15746766720390803 0.09518264418190994
-0.15746766720390803 0.9748886436771732 -0.15746766720390803 0.09518264418190994
-0.15746766720390803 0.15746766720390803 0.9748886436771732 0.09518264418190994
-0.15746766720390803 0.15746766720390803 -0.9748886436771732 0.09518264418190994
-0.15746766720390803 -0.15746766720390803 0.9748886436771732 0.09518264418190994
-0.15746766720390803 -0.15746766720390803 -0.9748886436771732 0.09518264418190994
-0.15746766720390803 -0.9748886436771732 0.15746766720390803 0.09518264418190994
-0.15746766720390803 -0.9748886436771732 -0.15746766720390803 0.09518264418190994
-0.2912988822095263 0.6764410400114262 0.6764410400114262 0.08942676055005151
-0.2912988822095263 0.6764410400114262 -0.6764410400114262 0.08942676055005151
-0.2912988822095263 -0.6764410400114262 0.6764410400114262 0.08942676055005151
-0.2912988822095263 -0.6764410400114262 -0.6764410400114262 0.08942676055005151
-0.4174961227965452 0.8070898183595825 0.4174961227965452 0.08487112439120875
-0.4174961227965452 0.8070898183595825 -0.4174961227965452 0.08487112439120875
-0.4174961227965452 0.4174961227965452 0.8070898183595825 0.08487112439120875
-0.4174961227965452 0.4174961227965452 -0.8070898183595825 0.08487112439120875
-0.4174961227965452 -0.4174961227965452 0.8070898183595825 0.08487112439120875
-0.4174961227965452 -0.4174961227965452 -0.8070898183595825 0.08487112439120875
-0.4174961227965452 -0.8070898183595825 0.4174961227965452 0.08487112439120875
-0.4174961227965452 -0.8070898183595825 -0.4174961227965452 0.08487112439120875
-0.4493328323269554 0.8822700112603227 0.14035538117131802 0.08785259467896486
-0.4493328323269554 0.8822700112603227 -0.14035538117131802 0.08785259467896486
-0.4493328323269554 0.14035538117131802 0.8822700112603227 0.08785259467896486
-0.4493328323269554 0.14035538117131802 -0.8822700112603227 0.08785259467896486
-0.4493328323269554 -0.14035538117131802 0.8822700112603227 0.08785259467896486
-0.4493328323269554 -0.14035538117131802 -0.8822700112603227 0.08785259467896486
-0.4493328323269554 -0.8822700112603227 0.14035538117131802 0.08785259467896486
-0.4493328323269554 -0.8822700112603227 -0.14035538117131802 0.08785259467896486
-0.5773502691896257 0.5773502691896257 0.5773502691896257 0.09061000833609902
-0.5773502691896257 0.5773502691896257 -0.5773502691896257 0.09061000833609902
-0.5773502691896257 -0.5773502691896257 0.5773502691896257 0.09061000833609902
-0.5773502691896257 -0.5773502691896257 -0.5773502691896257 0.09061000833609902
-0.6764410400114262 0.6764410400114262 0.2912988822095263 0.08942676055005151
-0.6764410400114262 0.6764410400114262 -0.2912988822095263 0.08942676055005151
-0.6764410400114262 0.2912988822095263 0.6764410400114262 0.08942676055005151
-0.6764410400114262 0.2912988822095263 -0.6764410400114262 0.08942676055005151
-0.6764410400114262 -0.2912988822095263 0.6764410400114262 0.08942676055005151
-0.6764410400114262 -0.2912988822095263 -0.6764410400114262 0.08942676055005151
-0.6764410400114262 -0.6764410400114262 0.2912988822095263 0.08942676055005151
-0.6764410400114262 -0.6764410400114262 -0.2912988822095263 0.08942676055005151
-0.7071067811865475 0.7071067811865475 0.0 0.09265184700375738
-0.7071067811865475 0.0 0.7071067811865475 0.09265184700375738
-0.7071067811865475 0.0 -0.7071067811865475 0.09265184700375738
-0.7071067811865475 -0.7071067811865475 0.0 0.09265184700375738
-0.8070898183595825 0.4174961227965452 0.4174961227965452 0.08487112439120875
-0.8070898183595825 0.4174961227965452 -0.4174961227965452 0.08487112439120875
-0.8070898183595825 -0.4174961227965452 0.4174961227965452 0.08487112439120875
-0.8070898183595825 -0.4174961227965452 -0.4174961227965452 0.08487112439120875
-0.8822700112603227 0.4493328323269554 0.14035538117131802 0.08785259467896486
-0.8822700112603227 0.4493328323269554 -0.14035538117131802 0.08785259467896486
-0.8822700112603227 0.14035538117131802 0.4493328323269554 0.08785259467896486
-0.8822700112603227 0.14035538117131802 -0.4493328323269554 0.08785259467896486
-0.8822700112603227 -0.14035538117131802 0.4493328323269554 0.08785259467896486
-0.8822700112603227 -0.14035538117131802 -0.4493328323269554 0.08785259467896486
-0.8822700112603227 -0.4493328323269554 0.14035538117131802 0.08785259467896486
-0.8822700112603227 -0.4493328323269554 -0.14035538117131802 0.08785259467896486
-0.9748886436771732 0.15746766720390803 0.15746766720390803 0.09518264418190994
-0.9748886436771732 0.15746766720390803 -0.15746766720390803 0.09518264418190994
-0.9748886436771732 -0.15746766720390803 0.15746766720390803 0.09518264418190994
-0.9748886436771732 -0.15746766720390803 -0.15746766720390803 0.09518264418190994
-1.0 0.0 0.0 0.007535190013115402
