1.0 0.0 0.0 0.06967855090539579
0.9652324219764483 0.26139313603359854 0.0 0.06882781368561731
0.9652324219764483 0.0 0.26139313603359854 0.06882781368561731
0.9652324219764483 0.0 -0.26139313603359854 0.06882781368561731
0.9652324219764483 -0.26139313603359854 0.0 0.06882781368561731
0.9326425903126906 0.25512526211141334 0.25512526211141334 0.06513636946551055
0.9326425903126906 0.25512526211141334 -0.25512526211141334 0.06513636946551055
0.9326425903126906 -0.25512526211141334 0.25512526211141334 0.06513636946551055
0.9326425903126906 -0.25512526211141334 -0.25512526211141334 0.06513636946551055
0.8544158046846588 0.49904531617960307 0.1446630744325112 0.07500092515800634
0.8544158046846588 0.49904531617960307 -0.1446630744325112 0.07500092515800634
0.8544158046846588 0.1446630744325112 0.49904531617960307 0.07500092515800634
0.8544158046846588 0.1446630744325112 -0.49904531617960307 0.07500092515800634
0.8544158046846588 -0.1446630744325112 0.49904531617960307 0.07500092515800634
0.8544158046846588 -0.1446630744325112 -0.49904531617960307 0.07500092515800634
0.8544158046846588 -0.49904531617960307 0.1446630744325112 0.07500092515800634
0.8544158046846588 -0.49904531617960307 -0.1446630744325112 0.07500092515800634
0.7917955593934921 0.4318910696719408 0.4318910696719408 0.07793248373075266
0.7917955593934921 0.4318910696719408 -0.4318910696719408 0.07793248373075266
0.7917955593934921 -0.4318910696719408 0.4318910696719408 0.07793248373075266
0.7917955593934921 -0.4318910696719408 -0.4318910696719408 0.07793248373075266
0.7071067811865475 0.7071067811865475 0.0 0.0762946177193559
0.7071067811865475 0.0 0.7071067811865475 0.0762946177193559
0.7071067811865475 0.0 -0.7071067811865475 0.0762946177193559
0.7071067811865475 -0.7071067811865475 0.0 0.0762946177193559
0.6743601460362765 0.6743601460362765 0.30079359513770126 0.079393437452534
0.6743601460362765 0.6743601460362765 -0.30079359513770126 0.079393437452534
0.6743601460362765 0.30079359513770126 0.6743601460362765 0.079393437452534
0.6743601460362765 0.30079359513770126 -0.6743601460362765 0.079393437452534
0.6743601460362765 -0.30079359513770126 0.6743601460362765 0.079393437452534
0.6743601460362765 -0.30079359513770126 -0.6743601460362765 0.079393437452534
0.6743601460362765 -0.6743601460362765 0.30079359513770126 0.079393437452534
0.6743601460362765 -0.6743601460362765 -0.30079359513770126 0.079393437452534
0.5773502691896257 0.5773502691896257 0.5773502691896257 0.08021962308552484
0.5773502691896257 0.5773502691896257 -0.5773502691896257 0.08021962308552484
0.5773502691896257 -0.5773502691896257 0.5773502691896257 0.08021962308552484
0.5773502691896257 -0.5773502691896257 -0.5773502691896257 0.08021962308552484
0.49904531617960307 0.8544158046846588 0.1446630744325112 0.07500092515800634
0.49904531617960307 0.8544158046846588 -0.1446630744325112 0.07500092515800634
0.49904531617960307 0.1446630744325112 0.8544158046846588 0.07500092515800634
0.49904531617960307 0.1446630744325112 -0.8544158046846588 0.07500092515800634
0.49904531617960307 -0.1446630744325112 0.8544158046846588 0.07500092515800634
0.49904531617960307 -0.1446630744325112 -0.8544158046846588 0.07500092515800634
0.49904531617960307 -0.8544158046846588 0.1446630744325112 0.07500092515800634
0.49904531617960307 -0.8544158046846588 -0.1446630744325112 0.07500092515800634
0.4318910696719408 0.7917955593934921 0.4318910696719408 0.07793248373075266
0.4318910696719408 0.7917955593934921 -0.4318910696719408 0.07793248373075266
0.4318910696719408 0.4318910696719408 0.7917955593934921 0.07793248373075266
0.4318910696719408 0.4318910696719408 -0.7917955593934921 0.07793248373075266
0.4318910696719408 -0.4318910696719408 0.7917955593934921 0.07793248373075266
0.4318910696719408 -0.4318910696719408 -0.7917955593934921 0.07793248373075266
0.4318910696719408 -0.7917955593934921 0.4318910696719408 0.07793248373075266
0.4318910696719408 -0.7917955593934921 -0.4318910696719408 0.07793248373075266
0.30079359513770126 0.6743601460362765 0.6743601460362765 0.079393437452534
0.30079359513770126 0.6743601460362765 -0.6743601460362765 0.079393437452534
0.30079359513770126 -0.6743601460362765 0.6743601460362765 0.079393437452534
0.30079359513770126 -0.6743601460362765 -0.6743601460362765 0.079393437452534
0.26139313603359854 0.9652324219764483 0.0 0.06882781368561731
0.26139313603359854 0.0 0.9652324219764483 0.06882781368561731
0.26139313603359854 0.0 -0.9652324219764483 0.06882781368561731
0.26139313603359854 -0.9652324219764483 0.0 0.06882781368561731
0.25512526211141334 0.9326425903126906 0.25512526211141334 0.06513636946551055
0.25512526211141334 0.9326425903126906 -0.25512526211141334 0.06513636946551055
0.25512526211141334 0.25512526211141334 0.9326425903126906 0.06513636946551055
0.25512526211141334 0.25512526211141334 -0.9326425903126906 0.06513636946551055
0.25512526211141334 -0.25512526211141334 0.9326425903126906 0.06513636946551055
0.25512526211141334 -0.25512526211141334 -0.9326425903126906 0.06513636946551055
0.25512526211141334 -0.9326425903126906 0.25512526211141334 0.06513636946551055
0.25512526211141334 -0.9326425903126906 -0.25512526211141334 0.06513636946551055
0.1446630744325112 0.8544158046846588 0.49904531617960307 0.07500092515800634
0.1446630744325112 0.8544158046846588 -0.49904531617960307 0.07500092515800634
0.1446630744325112 0.49904531617960307 0.8544158046846588 0.07500092515800634
0.1446630744325112 0.49904531617960307 -0.8544158046846588 0.07500092515800634
0.1446630744325112 -0.49904531617960307 0.8544158046846588 0.07500092515800634
0.1446630744325112 -0.49904531617960307 -0.8544158046846588 0.07500092515800634
0.1446630744325112 -0.8544158046846588 0.49904531617960307 0.07500092515800634
0.1446630744325112 -0.8544158046846588 -0.49904531617960307 0.07500092515800634
0.0 1.0 0.0 0.06967855090539579
0.0 0.9652324219764483 0.26139313603359854 0.06882781368561731
0.0 0.9652324219764483 -0.26139313603359854 0.06882781368561731
0.0 0.7071067811865475 0.7071067811865475 0.0762946177193559
0.0 0.7071067811865475 -0.7071067811865475 0.0762946177193559
0.0 0.26139313603359854 0.9652324219764483 0.06882781368561731
0.0 0.26139313603359854 -0.9652324219764483 0.06882781368561731
0.0 0.0 1.0 0.06967855090539579
0.0 0.0 -1.0 0.06967855090539579
0.0 -0.26139313603359854 0.9652324219764483 0.06882781368561731
0.0 -0.26139313603359854 -0.9652324219764483 0.06882781368561731
0.0 -0.7071067811865475 0.7071067811865475 0.0762946177193559
0.0 -0.7071067811865475 -0.7071067811865475 0.0762946177193559
0.0 -0.9652324219764483 0.26139313603359854 0.06882781368561731
0.0 -0.9652324219764483 -0.26139313603359854 0.06882781368561731
0.0 -1.0 0.0 0.06967855090539579
-0.1446630744325112 0.8544158046846588 0.49904531617960307 0.07500092515800634
-0.1446630744325112 0.8544158046846588 -0.49904531617960307 0.07500092515800634
-0.1446630744325112 0.49904531617960307 0.8544158046846588 0.07500092515800634
-0.1446630744325112 0.49904531617960307 -0.8544158046846588 0.07500092515800634
-0.1446630744325112 -0.49904531617960307 0.8544158046846588 0.07500092515800634
-0.1446630744325112 -0.49904531617960307 -0.8544158046846588 0.07500092515800634
-0.1446630744325112 -0.8544158046846588 0.49904531617960307 0.07500092515800634
-0.1446630744325112 -0.8544158046846588 -0.49904531617960307 0.07500092515800634
-0.25512526211141334 0.9326425903126906 0.25512526211141334 0.06513636946551055
-0.25512526211141334 0.9326425903126906 -0.25512526211141334 0.06513636946551055
-0.25512526211141334 0.25512526211141334 0.9326425903126906 0.06513636946551055
-0.25512526211141334 0.25512526211141334 -0.9326425903126906 0.06513636946551055
-0.25512526211141334 -0.25512526211141334 0.9326425903126906 0.06513636946551055
-0.25512526211141334 -0.25512526211141334 -0.9326425903126906 0.06513636946551055
-0.25512526211141334 -0.9326425903126906 0.25512526211141334 0.06513636946551055
-0.25512526211141334 -0.9326425903126906 -0.25512526211141334 0.06513636946551055
-0.26139313603359854 0.9652324219764483 0.0 0.06882781368561731
-0.26139313603359854 0.0 0.9652324219764483 0.06882781368561731
-0.26139313603359854 0.0 -0.9652324219764483 0.06882781368561731
-0.26139313603359854 -0.9652324219764483 0.0 0.06882781368561731
-0.30079359513770126 0.6743601460362765 0.6743601460362765 0.079393437452534
-0.30079359513770126 0.6743601460362765 -0.6743601460362765 0.079393437452534
-0.30079359513770126 -0.6743601460362765 0.6743601460362765 0.079393437452534
-0.30079359513770126 -0.6743601460362765 -0.6743601460362765 0.079393437452534
-0.4318910696719408 0.7917955593934921 0.4318910696719408 0.07793248373075266
-0.4318910696719408 0.7917955593934921 -0.4318910696719408 0.07793248373075266
-0.4318910696719408 0.4318910696719408 0.7917955593934921 0.07793248373075266
-0.4318910696719408 0.4318910696719408 -0.7917955593934921 0.07793248373075266
-0.4318910696719408 -0.4318910696719408 0.7917955593934921 0.07793248373075266
-0.4318910696719408 -0.4318910696719408 -0.7917955593934921 0.07793248373075266
-0.4318910696719408 -0.7917955593934921 0.4318910696719408 0.07793248373075266
-0.4318910696719408 -0.7917955593934921 -0.4318910696719408 0.07793248373075266
-0.49904531617960307 0.8544158046846588 0.1446630744325112 0.07500092515800634
-0.49904531617960307 0.8544158046846588 -0.1446630744325112 0.07500092515800634
-0.49904531617960307 0.1446630744325112 0.8544158046846588 0.07500092515800634
-0.49904531617960307 0.1446630744325112 -0.8544158046846588 0.07500092515800634
-0.49904531617960307 -0.1446630744325112 0.8544158046846588 0.07500092515800634
-0.49904531617960307 -0.1446630744325112 -0.8544158046846588 0.07500092515800634
-0.49904531617960307 -0.8544158046846588 0.1446630744325112 0.07500092515800634
-0.49904531617960307 -0.8544158046846588 -0.1446630744325112 0.07500092515800634
-0.5773502691896257 0.5773502691896257 0.5773502691896257 0.08021962308552484
-0.5773502691896257 0.5773502691896257 -0.5773502691896257 0.08021962308552484
-0.5773502691896257 -0.5773502691896257 0.5773502691896257 0.08021962308552484
-0.5773502691896257 -0.5773502691896257 -0.5773502691896257 0.08021962308552484
-0.6743601460362765 0.6743601460362765 0.30079359513770126 0.079393437452534
-0.6743601460362765 0.6743601460362765 -0.30079359513770126 0.079393437452534
-0.6743601460362765 0.30079359513770126 0.6743601460362765 0.079393437452534
-0.6743601460362765 0.30079359513770126 -0.6743601460362765 0.079393437452534
-0.6743601460362765 -0.30079359513770126 0.6743601460362765 0.079393437452534
-0.6743601460362765 -0.30079359513770126 -0.6743601460362765 0.079393437452534
-0.6743601460362765 -0.6743601460362765 0.30079359513770126 0.079393437452534
-0.6743601460362765 -0.6743601460362765 -0.30079359513770126 0.079393437452534
-0.7071067811865475 0.7071067811865475 0.0 0.0762946177193559
-0.7071067811865475 0.0 0.7071067811865475 0.0762946177193559
-0.7071067811865475 0.0 -0.7071067811865475 0.0762946177193559
-0.7071067811865475 -0.7071067811865475 0.0 0.0762946177193559
-0.7917955593934921 0.4318910696719408 0.4318910696719408 0.07793248373075266
-0.7917955593934921 0.4318910696719408 -0.4318910696719408 0.07793248373075266
-0.7917955593934921 -0.4318910696719408 0.4318910696719408 0.07793248373075266
-0.7917955593934921 -0.4318910696719408 -0.4318910696719408 0.07793248373075266
-0.8544158046846588 0.49904531617960307 0.1446630744325112 0.07500092515800634
-0.8544158046846588 0.49904531617960307 -0.1446630744325112 0.07500092515800634
-0.8544158046846588 0.1446630744325112 0.49904531617960307 0.07500092515800634
-0.8544158046846588 0.1446630744325112 -0.49904531617960307 0.07500092515800634
-0.8544158046846588 -0.1446630744325112 0.49904531617960307 0.07500092515800634
-0.8544158046846588 -0.1446630744325112 -0.49904531617960307 0.07500092515800634
-0.8544158046846588 -0.49904531617960307 0.1446630744325112 0.07500092515800634
-0.8544158046846588 -0.49904531617960307 -0.1446630744325112 0.07500092515800634
-0.9326425903126906 0.25512526211141334 0.25512526211141334 0.06513636946551055
-0.9326425903126906 0.25512526211141334 -0.25512526211141334 0.06513636946551055
-0.9326425903126906 -0.25512526211141334 0.25512526211141334 0.06513636946551055
-0.9326425903126906 -0.25512526211141334 -0.25512526211141334 0.06513636946551055
-0.9652324219764483 0.26139313603359854 0.0 0.06882781368561731
-0.9652324219764483 0.0 0.26139313603359854 0.06882781368561731
-0.9652324219764483 0.0 -0.26139313603359854 0.06882781368561731
-0.9652324219764483 -0.26139313603359854 0.0 0.06882781368561731
-1.0 0.0 0.0 0.06967855090539579
