1.0 0.0 0.0 0.022397550621043354
0.9829723027072532 0.12993354476500643 0.12993354476500643 0.051607282166508214
0.9829723027072532 0.12993354476500643 -0.12993354476500643 0.051607282166508214
0.9829723027072532 -0.12993354476500643 0.12993354476500643 0.051607282166508214
0.9829723027072532 -0.12993354476500643 -0.12993354476500643 0.051607282166508214
0.9383192181375914 0.3457702197611285 0.0 0.06348336993464396
0.9383192181375914 0.0 0.3457702197611285 0.06348336993464396
0.9383192181375914 0.0 -0.3457702197611285 0.06348336993464396
0.9383192181375914 -0.3457702197611285 0.0 0.06348336993464396
0.9125090968674736 0.2892465627575438 0.2892465627575438 0.06482032680350565
0.9125090968674736 0.2892465627575438 -0.2892465627575438 0.06482032680350565
0.9125090968674736 -0.2892465627575438 0.2892465627575438 0.06482032680350565
0.9125090968674736 -0.2892465627575438 -0.2892465627575438 0.06482032680350565
0.8360360154824588 0.5251185724436419 0.1590417105383526 0.06949515747104203
0.8360360154824588 0.5251185724436419 -0.1590417105383526 0.06949515747104203
0.8360360154824588 0.1590417105383526 0.5251185724436419 0.06949515747104203
0.8360360154824588 0.1590417105383526 -0.5251185724436419 0.06949515747104203
0.8360360154824588 -0.1590417105383526 0.5251185724436419 0.06949515747104203
0.8360360154824588 -0.1590417105383526 -0.5251185724436419 0.06949515747104203
0.8360360154824588 -0.5251185724436419 0.1590417105383526 0.06949515747104203
0.8360360154824588 -0.5251185724436419 -0.1590417105383526 0.06949515747104203
0.7774932193147671 0.4446933178717436 0.4446933178717436 0.06935092759371585
0.7774932193147671 0.4446933178717436 -0.4446933178717436 0.06935092759371585
0.7774932193147671 -0.4446933178717436 0.4446933178717436 0.06935092759371585
0.7774932193147671 -0.4446933178717436 -0.4446933178717436 0.06935092759371585
0.7071067811865475 0.7071067811865475 0.0 0.07184075893484608
0.7071067811865475 0.0 0.7071067811865475 0.07184075893484608
0.7071067811865475 0.0 -0.7071067811865475 0.07184075893484608
0.7071067811865475 -0.7071067811865475 0.0 0.07184075893484608
0.6712973442695225 0.6712973442695225 0.3141969941825861 0.07048105416807016
0.6712973442695225 0.6712973442695225 -0.3141969941825861 0.07048105416807016
0.6712973442695225 0.3141969941825861 0.6712973442695225 0.07048105416807016
0.6712973442695225 0.3141969941825861 -0.6712973442695225 0.07048105416807016
0.6712973442695225 -0.3141969941825861 0.6712973442695225 0.07048105416807016
0.6712973442695225 -0.3141969941825861 -0.6712973442695225 0.07048105416807016
0.6712973442695225 -0.6712973442695225 0.3141969941825861 0.07048105416807016
0.6712973442695225 -0.6712973442695225 -0.3141969941825861 0.07048105416807016
0.5773502691896257 0.5773502691896257 0.5773502691896257 0.0700371986012518
0.5773502691896257 0.5773502691896257 -0.5773502691896257 0.0700371986012518
0.5773502691896257 -0.5773502691896257 0.5773502691896257 0.0700371986012518
0.5773502691896257 -0.5773502691896257 -0.5773502691896257 0.0700371986012518
0.5251185724436419 0.8360360154824588 0.1590417105383526 0.06949515747104203
0.5251185724436419 0.8360360154824588 -0.1590417105383526 0.06949515747104203
0.5251185724436419 0.1590417105383526 0.8360360154824588 0.06949515747104203
0.5251185724436419 0.1590417105383526 -0.8360360154824588 0.06949515747104203
0.5251185724436419 -0.1590417105383526 0.8360360154824588 0.06949515747104203
0.5251185724436419 -0.1590417105383526 -0.8360360154824588 0.06949515747104203
0.5251185724436419 -0.8360360154824588 0.1590417105383526 0.06949515747104203
0.5251185724436419 -0.8360360154824588 -0.1590417105383526 0.06949515747104203
0.4446933178717436 0.7774932193147671 0.4446933178717436 0.06935092759371585
0.4446933178717436 0.7774932193147671 -0.4446933178717436 0.06935092759371585
0.4446933178717436 0.4446933178717436 0.7774932193147671 0.06935092759371585
0.4446933178717436 0.4446933178717436 -0.7774932193147671 0.06935092759371585
0.4446933178717436 -0.4446933178717436 0.7774932193147671 0.06935092759371585
0.4446933178717436 -0.4446933178717436 -0.7774932193147671 0.06935092759371585
0.4446933178717436 -0.7774932193147671 0.4446933178717436 0.06935092759371585
0.4446933178717436 -0.7774932193147671 -0.4446933178717436 0.06935092759371585
0.3457702197611285 0.9383192181375914 0.0 0.06348336993464396
0.3457702197611285 0.0 0.9383192181375914 0.06348336993464396
0.3457702197611285 0.0 -0.9383192181375914 0.06348336993464396
0.3457702197611285 -0.9383192181375914 0.0 0.06348336993464396
0.3141969941825861 0.6712973442695225 0.6712973442695225 0.07048105416807016
0.3141969941825861 0.6712973442695225 -0.6712973442695225 0.07048105416807016
0.3141969941825861 -0.6712973442695225 0.6712973442695225 0.07048105416807016
0.3141969941825861 -0.6712973442695225 -0.6712973442695225 0.07048105416807016
0.2892465627575438 0.9125090968674736 0.2892465627575438 0.06482032680350565
0.2892465627575438 0.9125090968674736 -0.2892465627575438 0.06482032680350565
0.2892465627575438 0.2892465627575438 0.9125090968674736 0.06482032680350565
0.2892465627575438 0.2892465627575438 -0.9125090968674736 0.06482032680350565
0.2892465627575438 -0.2892465627575438 0.9125090968674736 0.06482032680350565
0.2892465627575438 -0.2892465627575438 -0.9125090968674736 0.06482032680350565
0.2892465627575438 -0.9125090968674736 0.2892465627575438 0.06482032680350565
0.2892465627575438 -0.9125090968674736 -0.2892465627575438 0.06482032680350565
0.1590417105383526 0.8360360154824588 0.5251185724436419 0.06949515747104203
0.1590417105383526 0.8360360154824588 -0.5251185724436419 0.06949515747104203
0.1590417105383526 0.5251185724436419 0.8360360154824588 0.06949515747104203
0.1590417105383526 0.5251185724436419 -0.8360360154824588 0.06949515747104203
0.1590417105383526 -0.5251185724436419 0.8360360154824588 0.06949515747104203
0.1590417105383526 -0.5251185724436419 -0.8360360154824588 0.06949515747104203
0.1590417105383526 -0.8360360154824588 0.5251185724436419 0.06949515747104203
0.1590417105383526 -0.8360360154824588 -0.5251185724436419 0.06949515747104203
0.12993354476500643 0.9829723027072532 0.12993354476500643 0.051607282166508214
0.12993354476500643 0.9829723027072532 -0.12993354476500643 0.051607282166508214
0.12993354476500643 0.12993354476500643 0.9829723027072532 0.051607282166508214
0.12993354476500643 0.12993354476500643 -0.9829723027072532 0.051607282166508214
0.12993354476500643 -0.12993354476500643 0.9829723027072532 0.051607282166508214
0.12993354476500643 -0.12993354476500643 -0.9829723027072532 0.051607282166508214
0.12993354476500643 -0.9829723027072532 0.12993354476500643 0.051607282166508214
0.12993354476500643 -0.9829723027072532 -0.12993354476500643 0.051607282166508214
0.0 1.0 0.0 0.022397550621043354
0.0 0.9383192181375914 0.3457702197611285 0.06348336993464396
0.0 0.9383192181375914 -0.3457702197611285 0.06348336993464396
0.0 0.7071067811865475 0.7071067811865475 0.07184075893484608
0.0 0.7071067811865475 -0.7071067811865475 0.07184075893484608
0.0 0.3457702197611285 0.9383192181375914 0.06348336993464396
0.0 0.3457702197611285 -0.9383192181375914 0.06348336993464396
0.0 0.0 1.0 0.022397550621043354
0.0 0.0 -1.0 0.022397550621043354
0.0 -0.3457702197611285 0.9383192181375914 0.06348336993464396
0.0 -0.3457702197611285 -0.9383192181375914 0.06348336993464396
0.0 -0.7071067811865475 0.7071067811865475 0.07184075893484608
0.0 -0.7071067811865475 -0.7071067811865475 0.07184075893484608
0.0 -0.9383192181375914 0.3457702197611285 0.06348336993464396
0.0 -0.9383192181375914 -0.3457702197611285 0.06348336993464396
0.0 -1.0 0.0 0.022397550621043354
-0.12993354476500643 0.9829723027072532 0.12993354476500643 0.051607282166508214
-0.12993354476500643 0.9829723027072532 -0.12993354476500643 0.051607282166508214
-0.12993354476500643 0.12993354476500643 0.9829723027072532 0.051607282166508214
-0.12993354476500643 0.12993354476500643 -0.9829723027072532 0.051607282166508214
-0.12993354476500643 -0.12993354476500643 0.9829723027072532 0.051607282166508214
-0.12993354476500643 -0.12993354476500643 -0.9829723027072532 0.051607282166508214
-0.12993354476500643 -0.9829723027072532 0.12993354476500643 0.051607282166508214
-0.12993354476500643 -0.9829723027072532 -0.12993354476500643 0.051607282166508214
-0.1590417105383526 0.8360360154824588 0.5251185724436419 0.06949515747104203
-0.1590417105383526 0.8360360154824588 -0.5251185724436419 0.06949515747104203
-0.1590417105383526 0.5251185724436419 0.8360360154824588 0.06949515747104203
-0.1590417105383526 0.5251185724436419 -0.8360360154824588 0.06949515747104203
-0.1590417105383526 -0.5251185724436419 0.8360360154824588 0.06949515747104203
-0.1590417105383526 -0.5251185724436419 -0.8360360154824588 0.06949515747104203
-0.1590417105383526 -0.8360360154824588 0.5251185724436419 0.06949515747104203
-0.1590417105383526 -0.8360360154824588 -0.5251185724436419 0.06949515747104203
-0.2892465627575438 0.9125090968674736 0.2892465627575438 0.06482032680350565
-0.2892465627575438 0.9125090968674736 -0.2892465627575438 0.06482032680350565
-0.2892465627575438 0.2892465627575438 0.9125090968674736 0.06482032680350565
-0.2892465627575438 0.2892465627575438 -0.9125090968674736 0.06482032680350565
-0.2892465627575438 -0.2892465627575438 0.9125090968674736 0.06482032680350565
-0.2892465627575438 -0.2892465627575438 -0.9125090968674736 0.06482032680350565
-0.2892465627575438 -0.9125090968674736 0.2892465627575438 0.06482032680350565
-0.2892465627575438 -0.9125090968674736 -0.2892465627575438 0.06482032680350565
-0.3141969941825861 0.6712973442695225 0.6712973442695225 0.07048105416807016
-0.3141969941825861 0.6712973442695225 -0.6712973442695225 0.07048105416807016
-0.3141969941825861 -0.6712973442695225 0.6712973442695225 0.07048105416807016
-0.3141969941825861 -0.6712973442695225 -0.6712973442695225 0.07048105416807016
-0.3457702197611285 0.9383192181375914 0.0 0.06348336993464396
-0.3457702197611285 0.0 0.9383192181375914 0.06348336993464396
-0.3457702197611285 0.0 -0.9383192181375914 0.06348336993464396
-0.3457702197611285 -0.9383192181375914 0.0 0.06348336993464396
-0.4446933178717436 0.7774932193147671 0.4446933178717436 0.06935092759371585
-0.4446933178717436 0.7774932193147671 -0.4446933178717436 0.06935092759371585
-0.4446933178717436 0.4446933178717436 0.7774932193147671 0.06935092759371585
-0.4446933178717436 0.4446933178717436 -0.7774932193147671 0.06935092759371585
-0.4446933178717436 -0.4446933178717436 0.7774932193147671 0.06935092759371585
-0.4446933178717436 -0.4446933178717436 -0.7774932193147671 0.06935092759371585
-0.4446933178717436 -0.7774932193147671 0.4446933178717436 0.06935092759371585
-0.4446933178717436 -0.7774932193147671 -0.4446933178717436 0.06935092759371585
-0.5251185724436419 0.8360360154824588 0.1590417105383526 0.06949515747104203
-0.5251185724436419 0.8360360154824588 -0.1590417105383526 0.06949515747104203
-0.5251185724436419 0.1590417105383526 0.8360360154824588 0.06949515747104203
-0.5251185724436419 0.1590417105383526 -0.8360360154824588 0.06949515747104203
-0.5251185724436419 -0.1590417105383526 0.8360360154824588 0.06949515747104203
-0.5251185724436419 -0.1590417105383526 -0.8360360154824588 0.06949515747104203
-0.5251185724436419 -0.8360360154824588 0.1590417105383526 0.06949515747104203
-0.5251185724436419 -0.8360360154824588 -0.1590417105383526 0.06949515747104203
-0.5773502691896257 0.5773502691896257 0.5773502691896257 0.0700371986012518
-0.5773502691896257 0.5773502691896257 -0.5773502691896257 0.0700371986012518
-0.5773502691896257 -0.5773502691896257 0.5773502691896257 0.0700371986012518
-0.5773502691896257 -0.5773502691896257 -0.5773502691896257 0.0700371986012518
-0.6712973442695225 0.6712973442695225 0.3141969941825861 0.07048105416807016
-0.6712973442695225 0.6712973442695225 -0.3141969941825861 0.07048105416807016
-0.6712973442695225 0.3141969941825861 0.6712973442695225 0.07048105416807016
-0.6712973442695225 0.3141969941825861 -0.6712973442695225 0.07048105416807016
-0.6712973442695225 -0.3141969941825861 0.6712973442695225 0.07048105416807016
-0.6712973442695225 -0.3141969941825861 -0.6712973442695225 0.07048105416807016
-0.6712973442695225 -0.6712973442695225 0.3141969941825861 0.07048105416807016
-0.6712973442695225 -0.6712973442695225 -0.3141969941825861 0.07048105416807016
-0.7071067811865475 0.7071067811865475 0.0 0.07184075893484608
-0.7071067811865475 0.0 0.7071067811865475 0.07184075893484608
-0.7071067811865475 0.0 -0.7071067811865475 0.07184075893484608
-0.7071067811865475 -0.7071067811865475 0.0 0.07184075893484608
-0.7774932193147671 0.4446933178717436 0.4446933178717436 0.06935092759371585
-0.7774932193147671 0.4446933178717436 -0.4446933178717436 0.06935092759371585
-0.7774932193147671 -0.4446933178717436 0.4446933178717436 0.06935092759371585
-0.7774932193147671 -0.4446933178717436 -0.4446933178717436 0.06935092759371585
-0.8360360154824588 0.5251185724436419 0.1590417105383526 0.06949515747104203
-0.8360360154824588 0.5251185724436419 -0.1590417105383526 0.06949515747104203
-0.8360360154824588 0.1590417105383526 0.5251185724436419 0.06949515747104203
-0.8360360154824588 0.1590417105383526 -0.5251185724436419 0.06949515747104203
-0.8360360154824588 -0.1590417105383526 0.5251185724436419 0.06949515747104203
-0.8360360154824588 -0.1590417105383526 -0.5251185724436419 0.06949515747104203
-0.8360360154824588 -0.5251185724436419 0.1590417105383526 0.06949515747104203
-0.8360360154824588 -0.5251185724436419 -0.1590417105383526 0.06949515747104203
-0.9125090968674736 0.2892465627575438 0.2892465627575438 0.06482032680350565
-0.9125090968674736 0.2892465627575438 -0.2892465627575438 0.06482032680350565
-0.9125090968674736 -0.2892465627575438 0.2892465627575438 0.06482032680350565
-0.9125090968674736 -0.2892465627575438 -0.2892465627575438 0.06482032680350565
-0.9383192181375914 0.3457702197611285 0.0 0.06348336993464396
-0.9383192181375914 0.0 0.3457702197611285 0.06348336993464396
-0.9383192181375914 0.0 -0.3457702197611285 0.06348336993464396
-0.9383192181375914 -0.3457702197611285 0.0 0.06348336993464396
-0.9829723027072532 0.12993354476500643 0.12993354476500643 0.051607282166508214
-0.9829723027072532 0.12993354476500643 -0.12993354476500643 0.051607282166508214
-0.9829723027072532 -0.12993354476500643 0.12993354476500643 0.051607282166508214
-0.9829723027072532 -0.12993354476500643 -0.12993354476500643 0.051607282166508214
-1.0 0.0 0.0 0.022397550621043354
