1.0 0.0 0.0 -0.6939954000094805
0.9983676839677275 0.040385440500975284 0.040385440500975284 0.2167126344984027
0.9983676839677275 0.040385440500975284 -0.040385440500975284 0.2167126344984027
0.9983676839677275 -0.040385440500975284 0.040385440500975284 0.2167126344984027
0.9983676839677275 -0.040385440500975284 -0.040385440500975284 0.2167126344984027
0.9350227458805928 0.3545877390518687 0.0 0.06532087239115983
0.9350227458805928 0.0 0.3545877390518687 0.06532087239115983
0.9350227458805928 0.0 -0.3545877390518687 0.06532087239115983
0.9350227458805928 -0.3545877390518687 0.0 0.06532087239115983
0.9343177788458116 0.25204194902102 0.25204194902102 0.06344953354748953
0.9343177788458116 0.25204194902102 -0.25204194902102 0.06344953354748953
0.9343177788458116 -0.25204194902102 0.25204194902102 0.06344953354748953
0.9343177788458116 -0.25204194902102 -0.25204194902102 0.06344953354748953
0.8436365210688941 0.4864661535886645 0.22721818089981866 0.05900817004292115
0.8436365210688941 0.4864661535886645 -0.22721818089981866 0.05900817004292115
0.8436365210688941 0.22721818089981866 0.4864661535886645 0.05900817004292115
0.8436365210688941 0.22721818089981866 -0.4864661535886645 0.05900817004292115
0.8436365210688941 -0.22721818089981866 0.4864661535886645 0.05900817004292115
0.8436365210688941 -0.22721818089981866 -0.4864661535886645 0.05900817004292115
0.8436365210688941 -0.4864661535886645 0.22721818089981866 0.05900817004292115
0.8436365210688941 -0.4864661535886645 -0.22721818089981866 0.05900817004292115
0.8129136531733653 0.5823842309715583 0.0 0.05316935827640606
0.8129136531733653 0.0 0.5823842309715583 0.05316935827640606
0.8129136531733653 0.0 -0.5823842309715583 0.05316935827640606
0.8129136531733653 -0.5823842309715583 0.0 0.05316935827640606
0.7722892531483639 0.449204468739761 0.449204468739761 0.056508971453365975
0.7722892531483639 0.449204468739761 -0.449204468739761 0.056508971453365975
0.7722892531483639 -0.449204468739761 0.449204468739761 0.056508971453365975
0.7722892531483639 -0.449204468739761 -0.449204468739761 0.056508971453365975
0.6981906658447239 0.6981906658447239 0.158302205463478 0.04996901686875085
0.6981906658447239 0.6981906658447239 -0.158302205463478 0.04996901686875085
0.6981906658447239 0.158302205463478 0.6981906658447239 0.04996901686875085
0.6981906658447239 0.158302205463478 -0.6981906658447239 0.04996901686875085
0.6981906658447239 -0.158302205463478 0.6981906658447239 0.04996901686875085
0.6981906658447239 -0.158302205463478 -0.6981906658447239 0.04996901686875085
0.6981906658447239 -0.6981906658447239 0.158302205463478 0.04996901686875085
0.6981906658447239 -0.6981906658447239 -0.158302205463478 0.04996901686875085
0.6587405243460956 0.6587405243460956 0.3634856849567268 0.055309631794969144
0.6587405243460956 0.6587405243460956 -0.3634856849567268 0.055309631794969144
0.6587405243460956 0.3634856849567268 0.6587405243460956 0.055309631794969144
0.6587405243460956 0.3634856849567268 -0.6587405243460956 0.055309631794969144
0.6587405243460956 -0.3634856849567268 0.6587405243460956 0.055309631794969144
0.6587405243460956 -0.3634856849567268 -0.6587405243460956 0.055309631794969144
0.6587405243460956 -0.6587405243460956 0.3634856849567268 0.055309631794969144
0.6587405243460956 -0.6587405243460956 -0.3634856849567268 0.055309631794969144
0.5823842309715583 0.8129136531733653 0.0 0.05316935827640606
0.5823842309715583 0.0 0.8129136531733653 0.05316935827640606
0.5823842309715583 0.0 -0.8129136531733653 0.05316935827640606
0.5823842309715583 -0.8129136531733653 0.0 0.05316935827640606
0.5773502691896257 0.5773502691896257 0.5773502691896257 0.055923800052825656
0.5773502691896257 0.5773502691896257 -0.5773502691896257 0.055923800052825656
0.5773502691896257 -0.5773502691896257 0.5773502691896257 0.055923800052825656
0.5773502691896257 -0.5773502691896257 -0.5773502691896257 0.055923800052825656
0.4864661535886645 0.8436365210688941 0.22721818089981866 0.05900817004292115
0.4864661535886645 0.8436365210688941 -0.22721818089981866 0.05900817004292115
0.4864661535886645 0.22721818089981866 0.8436365210688941 0.05900817004292115
0.4864661535886645 0.22721818089981866 -0.8436365210688941 0.05900817004292115
0.4864661535886645 -0.22721818089981866 0.8436365210688941 0.05900817004292115
0.4864661535886645 -0.22721818089981866 -0.8436365210688941 0.05900817004292115
0.4864661535886645 -0.8436365210688941 0.22721818089981866 0.05900817004292115
0.4864661535886645 -0.8436365210688941 -0.22721818089981866 0.05900817004292115
0.449204468739761 0.7722892531483639 0.449204468739761 0.056508971453365975
0.449204468739761 0.7722892531483639 -0.449204468739761 0.056508971453365975
0.449204468739761 0.449204468739761 0.7722892531483639 0.056508971453365975
0.449204468739761 0.449204468739761 -0.7722892531483639 0.056508971453365975
0.449204468739761 -0.449204468739761 0.7722892531483639 0.056508971453365975
0.449204468739761 -0.449204468739761 -0.7722892531483639 0.056508971453365975
0.449204468739761 -0.7722892531483639 0.449204468739761 0.056508971453365975
0.449204468739761 -0.7722892531483639 -0.449204468739761 0.056508971453365975
0.3634856849567268 0.6587405243460956 0.6587405243460956 0.055309631794969144
0.3634856849567268 0.6587405243460956 -0.6587405243460956 0.055309631794969144
0.3634856849567268 -0.6587405243460956 0.6587405243460956 0.055309631794969144
0.3634856849567268 -0.6587405243460956 -0.6587405243460956 0.055309631794969144
0.3545877390518687 0.9350227458805928 0.0 0.06532087239115983
0.3545877390518687 0.0 0.9350227458805928 0.06532087239115983
0.3545877390518687 0.0 -0.9350227458805928 0.06532087239115983
0.3545877390518687 -0.9350227458805928 0.0 0.06532087239115983
0.25204194902102 0.9343177788458116 0.25204194902102 0.06344953354748953
0.25204194902102 0.9343177788458116 -0.25204194902102 0.06344953354748953
0.25204194902102 0.25204194902102 0.9343177788458116 0.06344953354748953
0.25204194902102 0.25204194902102 -0.9343177788458116 0.06344953354748953
0.25204194902102 -0.25204194902102 0.9343177788458116 0.06344953354748953
0.25204194902102 -0.25204194902102 -0.9343177788458116 0.06344953354748953
0.25204194902102 -0.9343177788458116 0.25204194902102 0.06344953354748953
0.25204194902102 -0.9343177788458116 -0.25204194902102 0.06344953354748953
0.22721818089981866 0.8436365210688941 0.4864661535886645 0.05900817004292115
0.22721818089981866 0.8436365210688941 -0.4864661535886645 0.05900817004292115
0.22721818089981866 0.4864661535886645 0.8436365210688941 0.05900817004292115
0.22721818089981866 0.4864661535886645 -0.8436365210688941 0.05900817004292115
0.22721818089981866 -0.4864661535886645 0.8436365210688941 0.05900817004292115
0.22721818089981866 -0.4864661535886645 -0.8436365210688941 0.05900817004292115
0.22721818089981866 -0.8436365210688941 0.4864661535886645 0.05900817004292115
0.22721818089981866 -0.8436365210688941 -0.4864661535886645 0.05900817004292115
0.158302205463478 0.6981906658447239 0.6981906658447239 0.04996901686875085
0.158302205463478 0.6981906658447239 -0.6981906658447239 0.04996901686875085
0.158302205463478 -0.6981906658447239 0.6981906658447239 0.04996901686875085
0.158302205463478 -0.6981906658447239 -0.6981906658447239 0.04996901686875085
0.040385440500975284 0.9983676839677275 0.040385440500975284 0.2167126344984027
0.040385440500975284 0.9983676839677275 -0.040385440500975284 0.2167126344984027
0.040385440500975284 0.040385440500975284 0.9983676839677275 0.2167126344984027
0.040385440500975284 0.040385440500975284 -0.9983676839677275 0.2167126344984027
0.040385440500975284 -0.040385440500975284 0.9983676839677275 0.2167126344984027
0.040385440500975284 -0.040385440500975284 -0.9983676839677275 0.2167126344984027
0.040385440500975284 -0.9983676839677275 0.040385440500975284 0.2167126344984027
0.040385440500975284 -0.9983676839677275 -0.040385440500975284 0.2167126344984027
0.0 1.0 0.0 -0.6939954000094805
0.0 0.9350227458805928 0.3545877390518687 0.06532087239115983
0.0 0.9350227458805928 -0.3545877390518687 0.06532087239115983
0.0 0.8129136531733653 0.5823842309715583 0.05316935827640606
0.0 0.8129136531733653 -0.5823842309715583 0.05316935827640606
0.0 0.5823842309715583 0.8129136531733653 0.05316935827640606
0.0 0.5823842309715583 -0.8129136531733653 0.05316935827640606
0.0 0.3545877390518687 0.9350227458805928 0.06532087239115983
0.0 0.3545877390518687 -0.9350227458805928 0.06532087239115983
0.0 0.0 1.0 -0.6939954000094805
0.0 0.0 -1.0 -0.6939954000094805
0.0 -0.3545877390518687 0.9350227458805928 0.06532087239115983
0.0 -0.3545877390518687 -0.9350227458805928 0.06532087239115983
0.0 -0.5823842309715583 0.8129136531733653 0.05316935827640606
0.0 -0.5823842309715583 -0.8129136531733653 0.05316935827640606
0.0 -0.8129136531733653 0.5823842309715583 0.05316935827640606
0.0 -0.8129136531733653 -0.5823842309715583 0.05316935827640606
0.0 -0.9350227458805928 0.3545877390518687 0.06532087239115983
0.0 -0.9350227458805928 -0.3545877390518687 0.06532087239115983
0.0 -1.0 0.0 -0.6939954000094805
-0.040385440500975284 0.9983676839677275 0.040385440500975284 0.2167126344984027
-0.040385440500975284 0.9983676839677275 -0.040385440500975284 0.2167126344984027
-0.040385440500975284 0.040385440500975284 0.9983676839677275 0.2167126344984027
-0.040385440500975284 0.040385440500975284 -0.9983676839677275 0.2167126344984027
-0.040385440500975284 -0.040385440500975284 0.9983676839677275 0.2167126344984027
-0.040385440500975284 -0.040385440500975284 -0.9983676839677275 0.2167126344984027
-0.040385440500975284 -0.9983676839677275 0.040385440500975284 0.2167126344984027
-0.040385440500975284 -0.9983676839677275 -0.040385440500975284 0.2167126344984027
-0.158302205463478 0.6981906658447239 0.6981906658447239 0.04996901686875085
-0.158302205463478 0.6981906658447239 -0.6981906658447239 0.04996901686875085
-0.158302205463478 -0.6981906658447239 0.6981906658447239 0.04996901686875085
-0.158302205463478 -0.6981906658447239 -0.6981906658447239 0.04996901686875085
-0.22721818089981866 0.8436365210688941 0.4864661535886645 0.05900817004292115
-0.22721818089981866 0.8436365210688941 -0.4864661535886645 0.05900817004292115
-0.22721818089981866 0.4864661535886645 0.8436365210688941 0.05900817004292115
-0.22721818089981866 0.4864661535886645 -0.8436365210688941 0.05900817004292115
-0.22721818089981866 -0.4864661535886645 0.8436365210688941 0.05900817004292115
-0.22721818089981866 -0.4864661535886645 -0.8436365210688941 0.05900817004292115
-0.22721818089981866 -0.8436365210688941 0.4864661535886645 0.05900817004292115
-0.22721818089981866 -0.8436365210688941 -0.4864661535886645 0.05900817004292115
-0.25204194902102 0.9343177788458116 0.25204194902102 0.06344953354748953
-0.25204194902102 0.9343177788458116 -0.25204194902102 0.06344953354748953
-0.25204194902102 0.25204194902102 0.9343177788458116 0.06344953354748953
-0.25204194902102 0.25204194902102 -0.9343177788458116 0.06344953354748953
-0.25204194902102 -0.25204194902102 0.9343177788458116 0.06344953354748953
-0.25204194902102 -0.25204194902102 -0.9343177788458116 0.06344953354748953
-0.25204194902102 -0.9343177788458116 0.25204194902102 0.06344953354748953
-0.25204194902102 -0.9343177788458116 -0.25204194902102 0.06344953354748953
-0.3545877390518687 0.9350227458805928 0.0 0.06532087239115983
-0.3545877390518687 0.0 0.9350227458805928 0.06532087239115983
-0.3545877390518687 0.0 -0.9350227458805928 0.06532087239115983
-0.3545877390518687 -0.9350227458805928 0.0 0.06532087239115983
-0.3634856849567268 0.6587405243460956 0.6587405243460956 0.055309631794969144
-0.3634856849567268 0.6587405243460956 -0.6587405243460956 0.055309631794969144
-0.3634856849567268 -0.6587405243460956 0.6587405243460956 0.055309631794969144
-0.3634856849567268 -0.6587405243460956 -0.6587405243460956 0.055309631794969144
-0.449204468739761 0.7722892531483639 0.449204468739761 0.056508971453365975
-0.449204468739761 0.7722892531483639 -0.449204468739761 0.056508971453365975
-0.449204468739761 0.449204468739761 0.7722892531483639 0.056508971453365975
-0.449204468739761 0.449204468739761 -0.7722892531483639 0.056508971453365975
-0.449204468739761 -0.449204468739761 0.7722892531483639 0.056508971453365975
-0.449204468739761 -0.449204468739761 -0.7722892531483639 0.056508971453365975
-0.449204468739761 -0.7722892531483639 0.449204468739761 0.056508971453365975
-0.449204468739761 -0.7722892531483639 -0.449204468739761 0.056508971453365975
-0.4864661535886645 0.8436365210688941 0.22721818089981866 0.05900817004292115
-0.4864661535886645 0.8436365210688941 -0.22721818089981866 0.05900817004292115
-0.4864661535886645 0.22721818089981866 0.8436365210688941 0.05900817004292115
-0.4864661535886645 0.22721818089981866 -0.8436365210688941 0.05900817004292115
-0.4864661535886645 -0.22721818089981866 0.8436365210688941 0.05900817004292115
-0.4864661535886645 -0.22721818089981866 -0.8436365210688941 0.05900817004292115
-0.4864661535886645 -0.8436365210688941 0.22721818089981866 0.05900817004292115
-0.4864661535886645 -0.8436365210688941 -0.22721818089981866 0.05900817004292115
-0.5773502691896257 0.5773502691896257 0.5773502691896257 0.055923800052825656
-0.5773502691896257 0.5773502691896257 -0.5773502691896257 0.055923800052825656
-0.5773502691896257 -0.5773502691896257 0.5773502691896257 0.055923800052825656
-0.5773502691896257 -0.5773502691896257 -0.5773502691896257 0.055923800052825656
-0.5823842309715583 0.8129136531733653 0.0 0.05316935827640606
-0.5823842309715583 0.0 0.8129136531733653 0.05316935827640606
-0.5823842309715583 0.0 -0.8129136531733653 0.05316935827640606
-0.5823842309715583 -0.8129136531733653 0.0 0.05316935827640606
-0.6587405243460956 0.6587405243460956 0.3634856849567268 0.055309631794969144
-0.6587405243460956 0.6587405243460956 -0.3634856849567268 0.055309631794969144
-0.6587405243460956 0.3634856849567268 0.6587405243460956 0.055309631794969144
-0.6587405243460956 0.3634856849567268 -0.6587405243460956 0.055309631794969144
-0.6587405243460956 -0.3634856849567268 0.6587405243460956 0.055309631794969144
-0.6587405243460956 -0.3634856849567268 -0.6587405243460956 0.055309631794969144
-0.6587405243460956 -0.6587405243460956 0.3634856849567268 0.055309631794969144
-0.6587405243460956 -0.6587405243460956 -0.3634856849567268 0.055309631794969144
-0.6981906658447239 0.6981906658447239 0.158302205463478 0.04996901686875085
-0.6981906658447239 0.6981906658447239 -0.158302205463478 0.04996901686875085
-0.6981906658447239 0.158302205463478 0.6981906658447239 0.04996901686875085
-0.6981906658447239 0.158302205463478 -0.6981906658447239 0.04996901686875085
-0.6981906658447239 -0.158302205463478 0.6981906658447239 0.04996901686875085
-0.6981906658447239 -0.158302205463478 -0.6981906658447239 0.04996901686875085
-0.6981906658447239 -0.6981906658447239 0.158302205463478 0.04996901686875085
-0.6981906658447239 -0.6981906658447239 -0.158302205463478 0.04996901686875085
-0.7722892531483639 0.449204468739761 0.449204468739761 0.056508971453365975
-0.7722892531483639 0.449204468739761 -0.449204468739761 0.056508971453365975
-0.7722892531483639 -0.449204468739761 0.449204468739761 0.056508971453365975
-0.7722892531483639 -0.449204468739761 -0.449204468739761 0.056508971453365975
-0.8129136531733653 0.5823842309715583 0.0 0.05316935827640606
-0.8129136531733653 0.0 0.5823842309715583 0.05316935827640606
-0.8129136531733653 0.0 -0.5823842309715583 0.05316935827640606
-0.8129136531733653 -0.5823842309715583 0.0 0.05316935827640606
-0.8436365210688941 0.4864661535886645 0.22721818089981866 0.05900817004292115
-0.8436365210688941 0.4864661535886645 -0.22721818089981866 0.05900817004292115
-0.8436365210688941 0.22721818089981866 0.4864661535886645 0.05900817004292115
-0.8436365210688941 0.22721818089981866 -0.4864661535886645 0.05900817004292115
-0.8436365210688941 -0.22721818089981866 0.4864661535886645 0.05900817004292115
-0.8436365210688941 -0.22721818089981866 -0.4864661535886645 0.05900817004292115
-0.8436365210688941 -0.4864661535886645 0.22721818089981866 0.05900817004292115
-0.8436365210688941 -0.4864661535886645 -0.22721818089981866 0.05900817004292115
-0.9343177788458116 0.25204194902102 0.25204194902102 0.06344953354748953
-0.9343177788458116 0.25204194902102 -0.25204194902102 0.06344953354748953
-0.9343177788458116 -0.25204194902102 0.25204194902102 0.06344953354748953
-0.9343177788458116 -0.25204194902102 -0.25204194902102 0.06344953354748953
-0.9350227458805928 0.3545877390518687 0.0 0.06532087239115983
-0.9350227458805928 0.0 0.3545877390518687 0.06532087239115983
-0.9350227458805928 0.0 -0.3545877390518687 0.06532087239115983
-0.9350227458805928 -0.3545877390518687 0.0 0.06532087239115983
-0.9983676839677275 0.040385440500975284 0.040385440500975284 0.2167126344984027
-0.9983676839677275 0.040385440500975284 -0.040385440500975284 0.2167126344984027
-0.9983676839677275 -0.040385440500975284 0.040385440500975284 0.2167126344984027
-0.9983676839677275 -0.040385440500975284 -0.040385440500975284 0.2167126344984027
-1.0 0.0 0.0 -0.6939954000094805
