1.0 0.0 0.0 -0.01650930975569431
0.9896948074629054 0.10125262485724133 0.10125262485724133 0.050857891039541234
0.9896948074629054 0.10125262485724133 -0.10125262485724133 0.050857891039541234
0.9896948074629054 -0.10125262485724133 0.10125262485724133 0.050857891039541234
0.9896948074629054 -0.10125262485724133 -0.10125262485724133 0.050857891039541234
0.9392279297499155 0.32334845426928954 0.11531120110096982 0.05128228060657468
0.9392279297499155 0.32334845426928954 -0.11531120110096982 0.05128228060657468
0.9392279297499155 0.11531120110096982 0.32334845426928954 0.05128228060657468
0.9392279297499155 0.11531120110096982 -0.32334845426928954 0.05128228060657468
0.9392279297499155 -0.11531120110096982 0.32334845426928954 0.05128228060657468
0.9392279297499155 -0.11531120110096982 -0.32334845426928954 0.05128228060657468
0.9392279297499155 -0.32334845426928954 0.11531120110096982 0.05128228060657468
0.9392279297499155 -0.32334845426928954 -0.11531120110096982 0.05128228060657468
0.8860983449974988 0.3277420654971627 0.3277420654971627 0.04518345242576507
0.8860983449974988 0.3277420654971627 -0.3277420654971627 0.04518345242576507
0.8860983449974988 -0.3277420654971627 0.3277420654971627 0.04518345242576507
0.8860983449974988 -0.3277420654971627 -0.3277420654971627 0.04518345242576507
0.8506508083520398 0.5257311121191336 0.0 0.05315050376041237
0.8506508083520398 0.0 0.5257311121191336 0.05315050376041237
0.8506508083520398 0.0 -0.5257311121191336 0.05315050376041237
0.8506508083520398 -0.5257311121191336 0.0 0.05315050376041237
0.8193433888191203 0.524493924092236 0.23147901587126 0.05116357072843352
0.8193433888191203 0.524493924092236 -0.23147901587126 0.05116357072843352
0.8193433888191203 0.23147901587126 0.524493924092236 0.05116357072843352
0.8193433888191203 0.23147901587126 -0.524493924092236 0.05116357072843352
0.8193433888191203 -0.23147901587126 0.524493924092236 0.05116357072843352
0.8193433888191203 -0.23147901587126 -0.524493924092236 0.05116357072843352
0.8193433888191203 -0.524493924092236 0.23147901587126 0.05116357072843352
0.8193433888191203 -0.524493924092236 -0.23147901587126 0.05116357072843352
0.7536739392508155 0.4647448726420537 0.4647448726420537 0.051678977913145574
0.7536739392508155 0.4647448726420537 -0.4647448726420537 0.051678977913145574
0.7536739392508155 -0.4647448726420537 0.4647448726420537 0.051678977913145574
0.7536739392508155 -0.4647448726420537 -0.4647448726420537 0.051678977913145574
0.7071067811865475 0.7071067811865475 0.0 -0.03170154386474051
0.7071067811865475 0.0 0.7071067811865475 -0.03170154386474051
0.7071067811865475 0.0 -0.7071067811865475 -0.03170154386474051
0.7071067811865475 -0.7071067811865475 0.0 -0.03170154386474051
0.7039373391585474 0.7039373391585474 0.09457507640371277 0.06679237068674701
0.7039373391585474 0.7039373391585474 -0.09457507640371277 0.06679237068674701
0.7039373391585474 0.09457507640371277 0.7039373391585474 0.06679237068674701
0.7039373391585474 0.09457507640371277 -0.7039373391585474 0.06679237068674701
0.7039373391585474 -0.09457507640371277 0.7039373391585474 0.06679237068674701
0.7039373391585474 -0.09457507640371277 -0.7039373391585474 0.06679237068674701
0.7039373391585474 -0.7039373391585474 0.09457507640371277 0.06679237068674701
0.7039373391585474 -0.7039373391585474 -0.09457507640371277 0.06679237068674701
0.6620338663699972 0.6620338663699972 0.35131512856463304 0.05348412394543761
0.6620338663699972 0.6620338663699972 -0.35131512856463304 0.05348412394543761
0.6620338663699972 0.35131512856463304 0.6620338663699972 0.05348412394543761
0.6620338663699972 0.35131512856463304 -0.6620338663699972 0.05348412394543761
0.6620338663699972 -0.35131512856463304 0.6620338663699972 0.05348412394543761
0.6620338663699972 -0.35131512856463304 -0.6620338663699972 0.05348412394543761
0.6620338663699972 -0.6620338663699972 0.35131512856463304 0.05348412394543761
0.6620338663699972 -0.6620338663699972 -0.35131512856463304 0.05348412394543761
0.5773502691896257 0.5773502691896257 0.5773502691896257 0.05261355758562308
0.5773502691896257 0.5773502691896257 -0.5773502691896257 0.05261355758562308
0.5773502691896257 -0.5773502691896257 0.5773502691896257 0.05261355758562308
0.5773502691896257 -0.5773502691896257 -0.5773502691896257 0.05261355758562308
0.5257311121191336 0.8506508083520398 0.0 0.05315050376041237
0.5257311121191336 0.0 0.8506508083520398 0.05315050376041237
0.5257311121191336 0.0 -0.8506508083520398 0.05315050376041237
0.5257311121191336 -0.8506508083520398 0.0 0.05315050376041237
0.524493924092236 0.8193433888191203 0.23147901587126 0.05116357072843352
0.524493924092236 0.8193433888191203 -0.23147901587126 0.05116357072843352
0.524493924092236 0.23147901587126 0.8193433888191203 0.05116357072843352
0.524493924092236 0.23147901587126 -0.8193433888191203 0.05116357072843352
0.524493924092236 -0.23147901587126 0.8193433888191203 0.05116357072843352
0.524493924092236 -0.23147901587126 -0.8193433888191203 0.05116357072843352
0.524493924092236 -0.8193433888191203 0.23147901587126 0.05116357072843352
0.524493924092236 -0.8193433888191203 -0.23147901587126 0.05116357072843352
0.4647448726420537 0.7536739392508155 0.4647448726420537 0.051678977913145574
0.4647448726420537 0.7536739392508155 -0.4647448726420537 0.051678977913145574
0.4647448726420537 0.4647448726420537 0.7536739392508155 0.051678977913145574
0.4647448726420537 0.4647448726420537 -0.7536739392508155 0.051678977913145574
0.4647448726420537 -0.4647448726420537 0.7536739392508155 0.051678977913145574
0.4647448726420537 -0.4647448726420537 -0.7536739392508155 0.051678977913145574
0.4647448726420537 -0.7536739392508155 0.4647448726420537 0.051678977913145574
0.4647448726420537 -0.7536739392508155 -0.4647448726420537 0.051678977913145574
0.35131512856463304 0.6620338663699972 0.6620338663699972 0.05348412394543761
0.35131512856463304 0.6620338663699972 -0.6620338663699972 0.05348412394543761
0.35131512856463304 -0.6620338663699972 0.6620338663699972 0.05348412394543761
0.35131512856463304 -0.6620338663699972 -0.6620338663699972 0.05348412394543761
0.3277420654971627 0.8860983449974988 0.3277420654971627 0.04518345242576507
0.3277420654971627 0.8860983449974988 -0.3277420654971627 0.04518345242576507
0.3277420654971627 0.3277420654971627 0.8860983449974988 0.04518345242576507
0.3277420654971627 0.3277420654971627 -0.8860983449974988 0.04518345242576507
0.3277420654971627 -0.3277420654971627 0.8860983449974988 0.04518345242576507
0.3277420654971627 -0.3277420654971627 -0.8860983449974988 0.04518345242576507
0.3277420654971627 -0.8860983449974988 0.3277420654971627 0.04518345242576507
0.3277420654971627 -0.8860983449974988 -0.3277420654971627 0.04518345242576507
0.32334845426928954 0.9392279297499155 0.11531120110096982 0.05128228060657468
0.32334845426928954 0.9392279297499155 -0.11531120110096982 0.05128228060657468
0.32334845426928954 0.11531120110096982 0.9392279297499155 0.05128228060657468
0.32334845426928954 0.11531120110096982 -0.9392279297499155 0.05128228060657468
0.32334845426928954 -0.11531120110096982 0.9392279297499155 0.05128228060657468
0.32334845426928954 -0.11531120110096982 -0.9392279297499155 0.05128228060657468
0.32334845426928954 -0.9392279297499155 0.11531120110096982 0.05128228060657468
0.32334845426928954 -0.9392279297499155 -0.11531120110096982 0.05128228060657468
0.23147901587126 0.8193433888191203 0.524493924092236 0.05116357072843352
0.23147901587126 0.8193433888191203 -0.524493924092236 0.05116357072843352
0.23147901587126 0.524493924092236 0.8193433888191203 0.05116357072843352
0.23147901587126 0.524493924092236 -0.8193433888191203 0.05116357072843352
0.23147901587126 -0.524493924092236 0.8193433888191203 0.05116357072843352
0.23147901587126 -0.524493924092236 -0.8193433888191203 0.05116357072843352
0.23147901587126 -0.8193433888191203 0.524493924092236 0.05116357072843352
0.23147901587126 -0.8193433888191203 -0.524493924092236 0.05116357072843352
0.11531120110096982 0.9392279297499155 0.32334845426928954 0.05128228060657468
0.11531120110096982 0.9392279297499155 -0.32334845426928954 0.05128228060657468
0.11531120110096982 0.32334845426928954 0.9392279297499155 0.05128228060657468
0.11531120110096982 0.32334845426928954 -0.9392279297499155 0.05128228060657468
0.11531120110096982 -0.32334845426928954 0.9392279297499155 0.05128228060657468
0.11531120110096982 -0.32334845426928954 -0.9392279297499155 0.05128228060657468
0.11531120110096982 -0.9392279297499155 0.32334845426928954 0.05128228060657468
0.11531120110096982 -0.9392279297499155 -0.32334845426928954 0.05128228060657468
0.10125262485724133 0.9896948074629054 0.10125262485724133 0.050857891039541234
0.10125262485724133 0.9896948074629054 -0.10125262485724133 0.050857891039541234
0.10125262485724133 0.10125262485724133 0.9896948074629054 0.050857891039541234
0.10125262485724133 0.10125262485724133 -0.9896948074629054 0.050857891039541234
0.10125262485724133 -0.10125262485724133 0.9896948074629054 0.050857891039541234
0.10125262485724133 -0.10125262485724133 -0.9896948074629054 0.050857891039541234
0.10125262485724133 -0.9896948074629054 0.10125262485724133 0.050857891039541234
0.10125262485724133 -0.9896948074629054 -0.10125262485724133 0.050857891039541234
0.09457507640371277 0.7039373391585474 0.7039373391585474 0.06679237068674701
0.09457507640371277 0.7039373391585474 -0.7039373391585474 0.06679237068674701
0.09457507640371277 -0.7039373391585474 0.7039373391585474 0.06679237068674701
0.09457507640371277 -0.7039373391585474 -0.7039373391585474 0.06679237068674701
0.0 1.0 0.0 -0.01650930975569431
0.0 0.8506508083520398 0.5257311121191336 0.05315050376041237
0.0 0.8506508083520398 -0.5257311121191336 0.05315050376041237
0.0 0.7071067811865475 0.7071067811865475 -0.03170154386474051
0.0 0.7071067811865475 -0.7071067811865475 -0.03170154386474051
0.0 0.5257311121191336 0.8506508083520398 0.05315050376041237
0.0 0.5257311121191336 -0.8506508083520398 0.05315050376041237
0.0 0.0 1.0 -0.01650930975569431
0.0 0.0 -1.0 -0.01650930975569431
0.0 -0.5257311121191336 0.8506508083520398 0.05315050376041237
0.0 -0.5257311121191336 -0.8506508083520398 0.05315050376041237
0.0 -0.7071067811865475 0.7071067811865475 -0.03170154386474051
0.0 -0.7071067811865475 -0.7071067811865475 -0.03170154386474051
0.0 -0.8506508083520398 0.5257311121191336 0.05315050376041237
0.0 -0.8506508083520398 -0.5257311121191336 0.05315050376041237
0.0 -1.0 0.0 -0.01650930975569431
-0.09457507640371277 0.7039373391585474 0.7039373391585474 0.06679237068674701
-0.09457507640371277 0.7039373391585474 -0.7039373391585474 0.06679237068674701
-0.09457507640371277 -0.7039373391585474 0.7039373391585474 0.06679237068674701
-0.09457507640371277 -0.7039373391585474 -0.7039373391585474 0.06679237068674701
-0.10125262485724133 0.9896948074629054 0.10125262485724133 0.050857891039541234
-0.10125262485724133 0.9896948074629054 -0.10125262485724133 0.050857891039541234
-0.10125262485724133 0.10125262485724133 0.9896948074629054 0.050857891039541234
-0.10125262485724133 0.10125262485724133 -0.9896948074629054 0.050857891039541234
-0.10125262485724133 -0.10125262485724133 0.9896948074629054 0.050857891039541234
-0.10125262485724133 -0.10125262485724133 -0.9896948074629054 0.050857891039541234
-0.10125262485724133 -0.9896948074629054 0.10125262485724133 0.050857891039541234
-0.10125262485724133 -0.9896948074629054 -0.10125262485724133 0.050857891039541234
-0.11531120110096982 0.9392279297499155 0.32334845426928954 0.05128228060657468
-0.11531120110096982 0.9392279297499155 -0.32334845426928954 0.05128228060657468
-0.11531120110096982 0.32334845426928954 0.9392279297499155 0.05128228060657468
-0.11531120110096982 0.32334845426928954 -0.9392279297499155 0.05128228060657468
-0.11531120110096982 -0.32334845426928954 0.9392279297499155 0.05128228060657468
-0.11531120110096982 -0.32334845426928954 -0.9392279297499155 0.05128228060657468
-0.11531120110096982 -0.9392279297499155 0.32334845426928954 0.05128228060657468
-0.11531120110096982 -0.9392279297499155 -0.32334845426928954 0.05128228060657468
-0.23147901587126 0.8193433888191203 0.524493924092236 0.05116357072843352
-0.23147901587126 0.8193433888191203 -0.524493924092236 0.05116357072843352
-0.23147901587126 0.524493924092236 0.8193433888191203 0.05116357072843352
-0.23147901587126 0.524493924092236 -0.8193433888191203 0.05116357072843352
-0.23147901587126 -0.524493924092236 0.8193433888191203 0.05116357072843352
-0.23147901587126 -0.524493924092236 -0.8193433888191203 0.05116357072843352
-0.23147901587126 -0.8193433888191203 0.524493924092236 0.05116357072843352
-0.23147901587126 -0.8193433888191203 -0.524493924092236 0.05116357072843352
-0.32334845426928954 0.9392279297499155 0.11531120110096982 0.05128228060657468
-0.32334845426928954 0.9392279297499155 -0.11531120110096982 0.05128228060657468
-0.32334845426928954 0.11531120110096982 0.9392279297499155 0.05128228060657468
-0.32334845426928954 0.11531120110096982 -0.9392279297499155 0.05128228060657468
-0.32334845426928954 -0.11531120110096982 0.9392279297499155 0.05128228060657468
-0.32334845426928954 -0.11531120110096982 -0.9392279297499155 0.05128228060657468
-0.32334845426928954 -0.9392279297499155 0.11531120110096982 0.05128228060657468
-0.32334845426928954 -0.9392279297499155 -0.11531120110096982 0.05128228060657468
-0.3277420654971627 0.8860983449974988 0.3277420654971627 0.04518345242576507
-0.3277420654971627 0.8860983449974988 -0.3277420654971627 0.04518345242576507
-0.3277420654971627 0.3277420654971627 0.8860983449974988 0.04518345242576507
-0.3277420654971627 0.3277420654971627 -0.8860983449974988 0.04518345242576507
-0.3277420654971627 -0.3277420654971627 0.8860983449974988 0.04518345242576507
-0.3277420654971627 -0.3277420654971627 -0.8860983449974988 0.04518345242576507
-0.3277420654971627 -0.8860983449974988 0.3277420654971627 0.04518345242576507
-0.3277420654971627 -0.8860983449974988 -0.3277420654971627 0.04518345242576507
-0.35131512856463304 0.6620338663699972 0.6620338663699972 0.05348412394543761
-0.35131512856463304 0.6620338663699972 -0.6620338663699972 0.05348412394543761
-0.35131512856463304 -0.6620338663699972 0.6620338663699972 0.05348412394543761
-0.35131512856463304 -0.6620338663699972 -0.6620338663699972 0.05348412394543761
-0.4647448726420537 0.7536739392508155 0.4647448726420537 0.051678977913145574
-0.4647448726420537 0.7536739392508155 -0.4647448726420537 0.051678977913145574
-0.4647448726420537 0.4647448726420537 0.7536739392508155 0.051678977913145574
-0.4647448726420537 0.4647448726420537 -0.7536739392508155 0.051678977913145574
-0.4647448726420537 -0.4647448726420537 0.7536739392508155 0.051678977913145574
-0.4647448726420537 -0.4647448726420537 -0.7536739392508155 0.051678977913145574
-0.4647448726420537 -0.7536739392508155 0.4647448726420537 0.051678977913145574
-0.4647448726420537 -0.7536739392508155 -0.4647448726420537 0.051678977913145574
-0.524493924092236 0.8193433888191203 0.23147901587126 0.05116357072843352
-0.524493924092236 0.8193433888191203 -0.23147901587126 0.05116357072843352
-0.524493924092236 0.23147901587126 0.8193433888191203 0.05116357072843352
-0.524493924092236 0.23147901587126 -0.8193433888191203 0.05116357072843352
-0.524493924092236 -0.23147901587126 0.8193433888191203 0.05116357072843352
-0.524493924092236 -0.23147901587126 -0.8193433888191203 0.05116357072843352
-0.524493924092236 -0.8193433888191203 0.23147901587126 0.05116357072843352
-0.524493924092236 -0.8193433888191203 -0.23147901587126 0.05116357072843352
-0.5257311121191336 0.8506508083520398 0.0 0.05315050376041237
-0.5257311121191336 0.0 0.8506508083520398 0.05315050376041237
-0.5257311121191336 0.0 -0.8506508083520398 0.05315050376041237
-0.5257311121191336 -0.8506508083520398 0.0 0.05315050376041237
-0.5773502691896257 0.5773502691896257 0.5773502691896257 0.05261355758562308
-0.5773502691896257 0.5773502691896257 -0.5773502691896257 0.05261355758562308
-0.5773502691896257 -0.5773502691896257 0.5773502691896257 0.05261355758562308
-0.5773502691896257 -0.5773502691896257 -0.5773502691896257 0.05261355758562308
-0.6620338663699972 0.6620338663699972 0.35131512856463304 0.05348412394543761
-0.6620338663699972 0.6620338663699972 -0.35131512856463304 0.05348412394543761
-0.6620338663699972 0.35131512856463304 0.6620338663699972 0.05348412394543761
-0.6620338663699972 0.35131512856463304 -0.6620338663699972 0.05348412394543761
-0.6620338663699972 -0.35131512856463304 0.6620338663699972 0.05348412394543761
-0.6620338663699972 -0.35131512856463304 -0.6620338663699972 0.05348412394543761
-0.6620338663699972 -0.6620338663699972 0.35131512856463304 0.05348412394543761
-0.6620338663699972 -0.6620338663699972 -0.35131512856463304 0.05348412394543761
-0.7039373391585474 0.7039373391585474 0.09457507640371277 0.06679237068674701
-0.7039373391585474 0.7039373391585474 -0.09457507640371277 0.06679237068674701
-0.7039373391585474 0.09457507640371277 0.7039373391585474 0.06679237068674701
-0.7039373391585474 0.09457507640371277 -0.7039373391585474 0.06679237068674701
-0.7039373391585474 -0.09457507640371277 0.7039373391585474 0.06679237068674701
-0.7039373391585474 -0.09457507640371277 -0.7039373391585474 0.06679237068674701
-0.7039373391585474 -0.7039373391585474 0.09457507640371277 0.06679237068674701
-0.7039373391585474 -0.7039373391585474 -0.09457507640371277 0.06679237068674701
-0.7071067811865475 0.7071067811865475 0.0 -0.03170154386474051
-0.7071067811865475 0.0 0.7071067811865475 -0.03170154386474051
-0.7071067811865475 0.0 -0.7071067811865475 -0.03170154386474051
-0.7071067811865475 -0.7071067811865475 0.0 -0.03170154386474051
-0.7536739392508155 0.4647448726420537 0.4647448726420537 0.051678977913145574
-0.7536739392508155 0.4647448726420537 -0.4647448726420537 0.051678977913145574
-0.7536739392508155 -0.4647448726420537 0.4647448726420537 0.051678977913145574
-0.7536739392508155 -0.4647448726420537 -0.4647448726420537 0.051678977913145574
-0.8193433888191203 0.524493924092236 0.23147901587126 0.05116357072843352
-0.8193433888191203 0.524493924092236 -0.23147901587126 0.05116357072843352
-0.8193433888191203 0.23147901587126 0.524493924092236 0.05116357072843352
-0.8193433888191203 0.23147901587126 -0.524493924092236 0.05116357072843352
-0.8193433888191203 -0.23147901587126 0.524493924092236 0.05116357072843352
-0.8193433888191203 -0.23147901587126 -0.524493924092236 0.05116357072843352
-0.8193433888191203 -0.524493924092236 0.23147901587126 0.05116357072843352
-0.8193433888191203 -0.524493924092236 -0.23147901587126 0.05116357072843352
-0.8506508083520398 0.5257311121191336 0.0 0.05315050376041237
-0.8506508083520398 0.0 0.5257311121191336 0.05315050376041237
-0.8506508083520398 0.0 -0.5257311121191336 0.05315050376041237
-0.8506508083520398 -0.5257311121191336 0.0 0.05315050376041237
-0.8860983449974988 0.3277420654971627 0.3277420654971627 0.04518345242576507
-0.8860983449974988 0.3277420654971627 -0.3277420654971627 0.04518345242576507
-0.8860983449974988 -0.3277420654971627 0.3277420654971627 0.04518345242576507
-0.8860983449974988 -0.3277420654971627 -0.3277420654971627 0.04518345242576507
-0.9392279297499155 0.32334845426928954 0.11531120110096982 0.05128228060657468
-0.9392279297499155 0.32334845426928954 -0.11531120110096982 0.05128228060657468
-0.9392279297499155 0.11531120110096982 0.32334845426928954 0.05128228060657468
-0.9392279297499155 0.11531120110096982 -0.32334845426928954 0.05128228060657468
-0.9392279297499155 -0.11531120110096982 0.32334845426928954 0.05128228060657468
-0.9392279297499155 -0.11531120110096982 -0.32334845426928954 0.05128228060657468
-0.9392279297499155 -0.32334845426928954 0.11531120110096982 0.05128228060657468
-0.9392279297499155 -0.32334845426928954 -0.11531120110096982 0.05128228060657468
-0.9896948074629054 0.10125262485724133 0.10125262485724133 0.050857891039541234
-0.9896948074629054 0.10125262485724133 -0.10125262485724133 0.050857891039541234
-0.9896948074629054 -0.10125262485724133 0.10125262485724133 0.050857891039541234
-0.9896948074629054 -0.10125262485724133 -0.10125262485724133 0.050857891039541234
-1.0 0.0 0.0 -0.01650930975569431
