1.0 0.0 0.0 0.010739109397558113
0.9907056213794081 0.09618308522614723 0.09618308522614723 0.029557378086974114
0.9907056213794081 0.09618308522614723 -0.09618308522614723 0.029557378086974114
0.9907056213794081 -0.09618308522614723 0.09618308522614723 0.029557378086974114
0.9907056213794081 -0.09618308522614723 -0.09618308522614723 0.029557378086974114
0.964408914879206 0.26441528870606634 0.0 0.03747725210708671
0.964408914879206 0.0 0.26441528870606634 0.03747725210708671
0.964408914879206 0.0 -0.26441528870606634 0.03747725210708671
0.964408914879206 -0.26441528870606634 0.0 0.03747725210708671
0.9494543172264431 0.22196452362941738 0.22196452362941738 0.03906825715892349
0.9494543172264431 0.22196452362941738 -0.22196452362941738 0.03906825715892349
0.9494543172264431 -0.22196452362941738 0.22196452362941738 0.03906825715892349
0.9494543172264431 -0.22196452362941738 -0.22196452362941738 0.03906825715892349
0.9024425295330003 0.4127724083168528 0.12335485325833247 0.04262905240771937
0.9024425295330003 0.4127724083168528 -0.12335485325833247 0.04262905240771937
0.9024425295330003 0.12335485325833247 0.4127724083168528 0.04262905240771937
0.9024425295330003 0.12335485325833247 -0.4127724083168528 0.04262905240771937
0.9024425295330003 -0.12335485325833247 0.4127724083168528 0.04262905240771937
0.9024425295330003 -0.12335485325833247 -0.4127724083168528 0.04262905240771937
0.9024425295330003 -0.4127724083168528 0.12335485325833247 0.04262905240771937
0.9024425295330003 -0.4127724083168528 -0.12335485325833247 0.04262905240771937
0.8676436245440833 0.3515640345570102 0.3515640345570102 0.04335131988095535
0.8676436245440833 0.3515640345570102 -0.3515640345570102 0.04335131988095535
0.8676436245440833 -0.3515640345570102 0.3515640345570102 0.04335131988095535
0.8676436245440833 -0.3515640345570102 -0.3515640345570102 0.04335131988095535
0.8203264198277593 0.5718955891878958 0.0 0.045249250350168545
0.8203264198277593 0.0 0.5718955891878958 0.045249250350168545
0.8203264198277593 0.0 -0.5718955891878958 0.045249250350168545
0.8203264198277593 -0.5718955891878958 0.0 0.045249250350168545
0.800072749407395 0.5448677372580772 0.25100347517704635 0.0448813022692083
0.800072749407395 0.5448677372580772 -0.25100347517704635 0.0448813022692083
0.800072749407395 0.25100347517704635 0.5448677372580772 0.0448813022692083
0.800072749407395 0.25100347517704635 -0.5448677372580772 0.0448813022692083
0.800072749407395 -0.25100347517704635 0.5448677372580772 0.0448813022692083
0.800072749407395 -0.25100347517704635 -0.5448677372580772 0.0448813022692083
0.800072749407395 -0.5448677372580772 0.25100347517704635 0.0448813022692083
0.800072749407395 -0.5448677372580772 -0.25100347517704635 0.0448813022692083
0.7434520429875555 0.4729054132581003 0.4729054132581003 0.04494651051683406
0.7434520429875555 0.4729054132581003 -0.4729054132581003 0.04494651051683406
0.7434520429875555 -0.4729054132581003 0.4729054132581003 0.04494651051683406
0.7434520429875555 -0.4729054132581003 -0.4729054132581003 0.04494651051683406
0.7011766416089544 0.7011766416089544 0.1292386727105142 0.04586782837865715
0.7011766416089544 0.7011766416089544 -0.1292386727105142 0.04586782837865715
0.7011766416089544 0.1292386727105142 0.7011766416089544 0.04586782837865715
0.7011766416089544 0.1292386727105142 -0.7011766416089544 0.04586782837865715
0.7011766416089544 -0.1292386727105142 0.7011766416089544 0.04586782837865715
0.7011766416089544 -0.1292386727105142 -0.7011766416089544 0.04586782837865715
0.7011766416089544 -0.7011766416089544 0.1292386727105142 0.04586782837865715
0.7011766416089544 -0.7011766416089544 -0.1292386727105142 0.04586782837865715
0.6566329410219611 0.6566329410219611 0.3710341783848206 0.045299536808462076
0.6566329410219611 0.6566329410219611 -0.3710341783848206 0.045299536808462076
0.6566329410219611 0.3710341783848206 0.6566329410219611 0.045299536808462076
0.6566329410219611 0.3710341783848206 -0.6566329410219611 0.045299536808462076
0.6566329410219611 -0.3710341783848206 0.6566329410219611 0.045299536808462076
0.6566329410219611 -0.3710341783848206 -0.6566329410219611 0.045299536808462076
0.6566329410219611 -0.6566329410219611 0.3710341783848206 0.045299536808462076
0.6566329410219611 -0.6566329410219611 -0.3710341783848206 0.045299536808462076
0.5773502691896257 0.5773502691896257 0.5773502691896257 0.045227866820924126
0.5773502691896257 0.5773502691896257 -0.5773502691896257 0.045227866820924126
0.5773502691896257 -0.5773502691896257 0.5773502691896257 0.045227866820924126
0.5773502691896257 -0.5773502691896257 -0.5773502691896257 0.045227866820924126
0.5718955891878958 0.8203264198277593 0.0 0.045249250350168545
0.5718955891878958 0.0 0.8203264198277593 0.045249250350168545
0.5718955891878958 0.0 -0.8203264198277593 0.045249250350168545
0.5718955891878958 -0.8203264198277593 0.0 0.045249250350168545
0.5448677372580772 0.800072749407395 0.25100347517704635 0.0448813022692083
0.5448677372580772 0.800072749407395 -0.25100347517704635 0.0448813022692083
0.5448677372580772 0.25100347517704635 0.800072749407395 0.0448813022692083
0.5448677372580772 0.25100347517704635 -0.800072749407395 0.0448813022692083
0.5448677372580772 -0.25100347517704635 0.800072749407395 0.0448813022692083
0.5448677372580772 -0.25100347517704635 -0.800072749407395 0.0448813022692083
0.5448677372580772 -0.800072749407395 0.25100347517704635 0.0448813022692083
0.5448677372580772 -0.800072749407395 -0.25100347517704635 0.0448813022692083
0.4729054132581003 0.7434520429875555 0.4729054132581003 0.04494651051683406
0.4729054132581003 0.7434520429875555 -0.4729054132581003 0.04494651051683406
0.4729054132581003 0.4729054132581003 0.7434520429875555 0.04494651051683406
0.4729054132581003 0.4729054132581003 -0.7434520429875555 0.04494651051683406
0.4729054132581003 -0.4729054132581003 0.7434520429875555 0.04494651051683406
0.4729054132581003 -0.4729054132581003 -0.7434520429875555 0.04494651051683406
0.4729054132581003 -0.7434520429875555 0.4729054132581003 0.04494651051683406
0.4729054132581003 -0.7434520429875555 -0.4729054132581003 0.04494651051683406
0.4127724083168528 0.9024425295330003 0.12335485325833247 0.04262905240771937
0.4127724083168528 0.9024425295330003 -0.12335485325833247 0.04262905240771937
0.4127724083168528 0.12335485325833247 0.9024425295330003 0.04262905240771937
0.4127724083168528 0.12335485325833247 -0.9024425295330003 0.04262905240771937
0.4127724083168528 -0.12335485325833247 0.9024425295330003 0.04262905240771937
0.4127724083168528 -0.12335485325833247 -0.9024425295330003 0.04262905240771937
0.4127724083168528 -0.9024425295330003 0.12335485325833247 0.04262905240771937
0.4127724083168528 -0.9024425295330003 -0.12335485325833247 0.04262905240771937
0.3710341783848206 0.6566329410219611 0.6566329410219611 0.045299536808462076
0.3710341783848206 0.6566329410219611 -0.6566329410219611 0.045299536808462076
0.3710341783848206 -0.6566329410219611 0.6566329410219611 0.045299536808462076
0.3710341783848206 -0.6566329410219611 -0.6566329410219611 0.045299536808462076
0.3515640345570102 0.8676436245440833 0.3515640345570102 0.04335131988095535
0.3515640345570102 0.8676436245440833 -0.3515640345570102 0.04335131988095535
0.3515640345570102 0.3515640345570102 0.8676436245440833 0.04335131988095535
0.3515640345570102 0.3515640345570102 -0.8676436245440833 0.04335131988095535
0.3515640345570102 -0.3515640345570102 0.8676436245440833 0.04335131988095535
0.3515640345570102 -0.3515640345570102 -0.8676436245440833 0.04335131988095535
0.3515640345570102 -0.8676436245440833 0.3515640345570102 0.04335131988095535
0.3515640345570102 -0.8676436245440833 -0.3515640345570102 0.04335131988095535
0.26441528870606634 0.964408914879206 0.0 0.03747725210708671
0.26441528870606634 0.0 0.964408914879206 0.03747725210708671
0.26441528870606634 0.0 -0.964408914879206 0.03747725210708671
0.26441528870606634 -0.964408914879206 0.0 0.03747725210708671
0.25100347517704635 0.800072749407395 0.5448677372580772 0.0448813022692083
0.25100347517704635 0.800072749407395 -0.5448677372580772 0.0448813022692083
0.25100347517704635 0.5448677372580772 0.800072749407395 0.0448813022692083
0.25100347517704635 0.5448677372580772 -0.800072749407395 0.0448813022692083
0.25100347517704635 -0.5448677372580772 0.800072749407395 0.0448813022692083
0.25100347517704635 -0.5448677372580772 -0.800072749407395 0.0448813022692083
0.25100347517704635 -0.800072749407395 0.5448677372580772 0.0448813022692083
0.25100347517704635 -0.800072749407395 -0.5448677372580772 0.0448813022692083
0.22196452362941738 0.9494543172264431 0.22196452362941738 0.03906825715892349
0.22196452362941738 0.9494543172264431 -0.22196452362941738 0.03906825715892349
0.22196452362941738 0.22196452362941738 0.9494543172264431 0.03906825715892349
0.22196452362941738 0.22196452362941738 -0.9494543172264431 0.03906825715892349
0.22196452362941738 -0.22196452362941738 0.9494543172264431 0.03906825715892349
0.22196452362941738 -0.22196452362941738 -0.9494543172264431 0.03906825715892349
0.22196452362941738 -0.9494543172264431 0.22196452362941738 0.03906825715892349
0.22196452362941738 -0.9494543172264431 -0.22196452362941738 0.03906825715892349
0.1292386727105142 0.7011766416089544 0.7011766416089544 0.04586782837865715
0.1292386727105142 0.7011766416089544 -0.7011766416089544 0.04586782837865715
0.1292386727105142 -0.7011766416089544 0.7011766416089544 0.04586782837865715
0.1292386727105142 -0.7011766416089544 -0.7011766416089544 0.04586782837865715
0.12335485325833247 0.9024425295330003 0.4127724083168528 0.04262905240771937
0.12335485325833247 0.9024425295330003 -0.4127724083168528 0.04262905240771937
0.12335485325833247 0.4127724083168528 0.9024425295330003 0.04262905240771937
0.12335485325833247 0.4127724083168528 -0.9024425295330003 0.04262905240771937
0.12335485325833247 -0.4127724083168528 0.9024425295330003 0.04262905240771937
0.12335485325833247 -0.4127724083168528 -0.9024425295330003 0.04262905240771937
0.12335485325833247 -0.9024425295330003 0.4127724083168528 0.04262905240771937
0.12335485325833247 -0.9024425295330003 -0.4127724083168528 0.04262905240771937
0.09618308522614723 0.9907056213794081 0.09618308522614723 0.029557378086974114
0.09618308522614723 0.9907056213794081 -0.09618308522614723 0.029557378086974114
0.09618308522614723 0.09618308522614723 0.9907056213794081 0.029557378086974114
0.09618308522614723 0.09618308522614723 -0.9907056213794081 0.029557378086974114
0.09618308522614723 -0.09618308522614723 0.9907056213794081 0.029557378086974114
0.09618308522614723 -0.09618308522614723 -0.9907056213794081 0.029557378086974114
0.09618308522614723 -0.9907056213794081 0.09618308522614723 0.029557378086974114
0.09618308522614723 -0.9907056213794081 -0.09618308522614723 0.029557378086974114
0.0 1.0 0.0 0.010739109397558113
0.0 0.964408914879206 0.26441528870606634 0.03747725210708671
0.0 0.964408914879206 -0.26441528870606634 0.03747725210708671
0.0 0.8203264198277593 0.5718955891878958 0.045249250350168545
0.0 0.8203264198277593 -0.5718955891878958 0.045249250350168545
0.0 0.5718955891878958 0.8203264198277593 0.045249250350168545
0.0 0.5718955891878958 -0.8203264198277593 0.045249250350168545
0.0 0.26441528870606634 0.964408914879206 0.03747725210708671
0.0 0.26441528870606634 -0.964408914879206 0.03747725210708671
0.0 0.0 1.0 0.010739109397558113
0.0 0.0 -1.0 0.010739109397558113
0.0 -0.26441528870606634 0.964408914879206 0.03747725210708671
0.0 -0.26441528870606634 -0.964408914879206 0.03747725210708671
0.0 -0.5718955891878958 0.8203264198277593 0.045249250350168545
0.0 -0.5718955891878958 -0.8203264198277593 0.045249250350168545
0.0 -0.8203264198277593 0.5718955891878958 0.045249250350168545
0.0 -0.8203264198277593 -0.5718955891878958 0.045249250350168545
0.0 -0.964408914879206 0.26441528870606634 0.03747725210708671
0.0 -0.964408914879206 -0.26441528870606634 0.03747725210708671
0.0 -1.0 0.0 0.010739109397558113
-0.09618308522614723 0.9907056213794081 0.09618308522614723 0.029557378086974114
-0.09618308522614723 0.9907056213794081 -0.09618308522614723 0.029557378086974114
-0.09618308522614723 0.09618308522614723 0.9907056213794081 0.029557378086974114
-0.09618308522614723 0.09618308522614723 -0.9907056213794081 0.029557378086974114
-0.09618308522614723 -0.09618308522614723 0.9907056213794081 0.029557378086974114
-0.09618308522614723 -0.09618308522614723 -0.9907056213794081 0.029557378086974114
-0.09618308522614723 -0.9907056213794081 0.09618308522614723 0.029557378086974114
-0.09618308522614723 -0.9907056213794081 -0.09618308522614723 0.029557378086974114
-0.12335485325833247 0.9024425295330003 0.4127724083168528 0.04262905240771937
-0.12335485325833247 0.9024425295330003 -0.4127724083168528 0.04262905240771937
-0.12335485325833247 0.4127724083168528 0.9024425295330003 0.04262905240771937
-0.12335485325833247 0.4127724083168528 -0.9024425295330003 0.04262905240771937
-0.12335485325833247 -0.4127724083168528 0.9024425295330003 0.04262905240771937
-0.12335485325833247 -0.4127724083168528 -0.9024425295330003 0.04262905240771937
-0.12335485325833247 -0.9024425295330003 0.4127724083168528 0.04262905240771937
-0.12335485325833247 -0.9024425295330003 -0.4127724083168528 0.04262905240771937
-0.1292386727105142 0.7011766416089544 0.7011766416089544 0.04586782837865715
-0.1292386727105142 0.7011766416089544 -0.7011766416089544 0.04586782837865715
-0.1292386727105142 -0.7011766416089544 0.7011766416089544 0.04586782837865715
-0.1292386727105142 -0.7011766416089544 -0.7011766416089544 0.04586782837865715
-0.22196452362941738 0.9494543172264431 0.22196452362941738 0.03906825715892349
-0.22196452362941738 0.9494543172264431 -0.22196452362941738 0.03906825715892349
-0.22196452362941738 0.22196452362941738 0.9494543172264431 0.03906825715892349
-0.22196452362941738 0.22196452362941738 -0.9494543172264431 0.03906825715892349
-0.22196452362941738 -0.22196452362941738 0.9494543172264431 0.03906825715892349
-0.22196452362941738 -0.22196452362941738 -0.9494543172264431 0.03906825715892349
-0.22196452362941738 -0.9494543172264431 0.22196452362941738 0.03906825715892349
-0.22196452362941738 -0.9494543172264431 -0.22196452362941738 0.03906825715892349
-0.25100347517704635 0.800072749407395 0.5448677372580772 0.0448813022692083
-0.25100347517704635 0.800072749407395 -0.5448677372580772 0.0448813022692083
-0.25100347517704635 0.5448677372580772 0.800072749407395 0.0448813022692083
-0.25100347517704635 0.5448677372580772 -0.800072749407395 0.0448813022692083
-0.25100347517704635 -0.5448677372580772 0.800072749407395 0.0448813022692083
-0.25100347517704635 -0.5448677372580772 -0.800072749407395 0.0448813022692083
-0.25100347517704635 -0.800072749407395 0.5448677372580772 0.0448813022692083
-0.25100347517704635 -0.800072749407395 -0.5448677372580772 0.0448813022692083
-0.26441528870606634 0.964408914879206 0.0 0.03747725210708671
-0.26441528870606634 0.0 0.964408914879206 0.03747725210708671
-0.26441528870606634 0.0 -0.964408914879206 0.03747725210708671
-0.26441528870606634 -0.964408914879206 0.0 0.03747725210708671
-0.3515640345570102 0.8676436245440833 0.3515640345570102 0.04335131988095535
-0.3515640345570102 0.8676436245440833 -0.3515640345570102 0.04335131988095535
-0.3515640345570102 0.3515640345570102 0.8676436245440833 0.04335131988095535
-0.3515640345570102 0.3515640345570102 -0.8676436245440833 0.04335131988095535
-0.3515640345570102 -0.3515640345570102 0.8676436245440833 0.04335131988095535
-0.3515640345570102 -0.3515640345570102 -0.8676436245440833 0.04335131988095535
-0.3515640345570102 -0.8676436245440833 0.3515640345570102 0.04335131988095535
-0.3515640345570102 -0.8676436245440833 -0.3515640345570102 0.04335131988095535
-0.3710341783848206 0.6566329410219611 0.6566329410219611 0.045299536808462076
-0.3710341783848206 0.6566329410219611 -0.6566329410219611 0.045299536808462076
-0.3710341783848206 -0.6566329410219611 0.6566329410219611 0.045299536808462076
-0.3710341783848206 -0.6566329410219611 -0.6566329410219611 0.045299536808462076
-0.4127724083168528 0.9024425295330003 0.12335485325833247 0.04262905240771937
-0.4127724083168528 0.9024425295330003 -0.12335485325833247 0.04262905240771937
-0.4127724083168528 0.12335485325833247 0.9024425295330003 0.04262905240771937
-0.4127724083168528 0.12335485325833247 -0.9024425295330003 0.04262905240771937
-0.4127724083168528 -0.12335485325833247 0.9024425295330003 0.04262905240771937
-0.4127724083168528 -0.12335485325833247 -0.9024425295330003 0.04262905240771937
-0.4127724083168528 -0.9024425295330003 0.12335485325833247 0.04262905240771937
-0.4127724083168528 -0.9024425295330003 -0.12335485325833247 0.04262905240771937
-0.4729054132581003 0.7434520429875555 0.4729054132581003 0.04494651051683406
-0.4729054132581003 0.7434520429875555 -0.4729054132581003 0.04494651051683406
-0.4729054132581003 0.4729054132581003 0.7434520429875555 0.04494651051683406
-0.4729054132581003 0.4729054132581003 -0.7434520429875555 0.04494651051683406
-0.4729054132581003 -0.4729054132581003 0.7434520429875555 0.04494651051683406
-0.4729054132581003 -0.4729054132581003 -0.7434520429875555 0.04494651051683406
-0.4729054132581003 -0.7434520429875555 0.4729054132581003 0.04494651051683406
-0.4729054132581003 -0.7434520429875555 -0.4729054132581003 0.04494651051683406
-0.5448677372580772 0.800072749407395 0.25100347517704635 0.0448813022692083
-0.5448677372580772 0.800072749407395 -0.25100347517704635 0.0448813022692083
-0.5448677372580772 0.25100347517704635 0.800072749407395 0.0448813022692083
-0.5448677372580772 0.25100347517704635 -0.800072749407395 0.0448813022692083
-0.5448677372580772 -0.25100347517704635 0.800072749407395 0.0448813022692083
-0.5448677372580772 -0.25100347517704635 -0.800072749407395 0.0448813022692083
-0.5448677372580772 -0.800072749407395 0.25100347517704635 0.0448813022692083
-0.5448677372580772 -0.800072749407395 -0.25100347517704635 0.0448813022692083
-0.5718955891878958 0.8203264198277593 0.0 0.045249250350168545
-0.5718955891878958 0.0 0.8203264198277593 0.045249250350168545
-0.5718955891878958 0.0 -0.8203264198277593 0.045249250350168545
-0.5718955891878958 -0.8203264198277593 0.0 0.045249250350168545
-0.5773502691896257 0.5773502691896257 0.5773502691896257 0.045227866820924126
-0.5773502691896257 0.5773502691896257 -0.5773502691896257 0.045227866820924126
-0.5773502691896257 -0.5773502691896257 0.5773502691896257 0.045227866820924126
-0.5773502691896257 -0.5773502691896257 -0.5773502691896257 0.045227866820924126
-0.6566329410219611 0.6566329410219611 0.3710341783848206 0.045299536808462076
-0.6566329410219611 0.6566329410219611 -0.3710341783848206 0.045299536808462076
-0.6566329410219611 0.3710341783848206 0.6566329410219611 0.045299536808462076
-0.6566329410219611 0.3710341783848206 -0.6566329410219611 0.045299536808462076
-0.6566329410219611 -0.3710341783848206 0.6566329410219611 0.045299536808462076
-0.6566329410219611 -0.3710341783848206 -0.6566329410219611 0.045299536808462076
-0.6566329410219611 -0.6566329410219611 0.3710341783848206 0.045299536808462076
-0.6566329410219611 -0.6566329410219611 -0.3710341783848206 0.045299536808462076
-0.7011766416089544 0.7011766416089544 0.1292386727105142 0.04586782837865715
-0.7011766416089544 0.7011766416089544 -0.1292386727105142 0.04586782837865715
-0.7011766416089544 0.1292386727105142 0.7011766416089544 0.04586782837865715
-0.7011766416089544 0.1292386727105142 -0.7011766416089544 0.04586782837865715
-0.7011766416089544 -0.1292386727105142 0.7011766416089544 0.04586782837865715
-0.7011766416089544 -0.1292386727105142 -0.7011766416089544 0.04586782837865715
-0.7011766416089544 -0.7011766416089544 0.1292386727105142 0.04586782837865715
-0.7011766416089544 -0.7011766416089544 -0.1292386727105142 0.04586782837865715
-0.7434520429875555 0.4729054132581003 0.4729054132581003 0.04494651051683406
-0.7434520429875555 0.4729054132581003 -0.4729054132581003 0.04494651051683406
-0.7434520429875555 -0.4729054132581003 0.4729054132581003 0.04494651051683406
-0.7434520429875555 -0.4729054132581003 -0.4729054132581003 0.04494651051683406
-0.800072749407395 0.5448677372580772 0.25100347517704635 0.0448813022692083
-0.800072749407395 0.5448677372580772 -0.25100347517704635 0.0448813022692083
-0.800072749407395 0.25100347517704635 0.5448677372580772 0.0448813022692083
-0.800072749407395 0.25100347517704635 -0.5448677372580772 0.0448813022692083
-0.800072749407395 -0.25100347517704635 0.5448677372580772 0.0448813022692083
-0.800072749407395 -0.25100347517704635 -0.5448677372580772 0.0448813022692083
-0.800072749407395 -0.5448677372580772 0.25100347517704635 0.0448813022692083
-0.800072749407395 -0.5448677372580772 -0.25100347517704635 0.0448813022692083
-0.8203264198277593 0.5718955891878958 0.0 0.045249250350168545
-0.8203264198277593 0.0 0.5718955891878958 0.045249250350168545
-0.8203264198277593 0.0 -0.5718955891878958 0.045249250350168545
-0.8203264198277593 -0.5718955891878958 0.0 0.045249250350168545
-0.8676436245440833 0.3515640345570102 0.3515640345570102 0.04335131988095535
-0.8676436245440833 0.3515640345570102 -0.3515640345570102 0.04335131988095535
-0.8676436245440833 -0.3515640345570102 0.3515640345570102 0.04335131988095535
-0.8676436245440833 -0.3515640345570102 -0.3515640345570102 0.04335131988095535
-0.9024425295330003 0.4127724083168528 0.12335485325833247 0.04262905240771937
-0.9024425295330003 0.4127724083168528 -0.12335485325833247 0.04262905240771937
-0.9024425295330003 0.12335485325833247 0.4127724083168528 0.04262905240771937
-0.9024425295330003 0.12335485325833247 -0.4127724083168528 0.04262905240771937
-0.9024425295330003 -0.12335485325833247 0.4127724083168528 0.04262905240771937
-0.9024425295330003 -0.12335485325833247 -0.4127724083168528 0.04262905240771937
-0.9024425295330003 -0.4127724083168528 0.12335485325833247 0.04262905240771937
-0.9024425295330003 -0.4127724083168528 -0.12335485325833247 0.04262905240771937
-0.9494543172264431 0.22196452362941738 0.22196452362941738 0.03906825715892349
-0.9494543172264431 0.22196452362941738 -0.22196452362941738 0.03906825715892349
-0.9494543172264431 -0.22196452362941738 0.22196452362941738 0.03906825715892349
-0.9494543172264431 -0.22196452362941738 -0.22196452362941738 0.03906825715892349
-0.964408914879206 0.26441528870606634 0.0 0.03747725210708671
-0.964408914879206 0.0 0.26441528870606634 0.03747725210708671
-0.964408914879206 0.0 -0.26441528870606634 0.03747725210708671
-0.964408914879206 -0.26441528870606634 0.0 0.03747725210708671
-0.9907056213794081 0.09618308522614723 0.09618308522614723 0.029557378086974114
-0.9907056213794081 0.09618308522614723 -0.09618308522614723 0.029557378086974114
-0.9907056213794081 -0.09618308522614723 0.09618308522614723 0.029557378086974114
-0.9907056213794081 -0.09618308522614723 -0.09618308522614723 0.029557378086974114
-1.0 0.0 0.0 0.010739109397558113
