1.0 0.0 0.0 0.03778452231568943
0.9811407828432572 0.19329450132303372 0.0 0.03779900890017878
0.9811407828432572 0.0 0.19329450132303372 0.03779900890017878
0.9811407828432572 0.0 -0.19329450132303372 0.03779900890017878
0.9811407828432572 -0.19329450132303372 0.0 0.03779900890017878
0.9621290551360144 0.19275331548780175 0.19275331548780175 0.03758592063241183
0.9621290551360144 0.19275331548780175 -0.19275331548780175 0.03758592063241183
0.9621290551360144 -0.19275331548780175 0.19275331548780175 0.03758592063241183
0.9621290551360144 -0.19275331548780175 -0.19275331548780175 0.03758592063241183
0.924966152698679 0.38004949198993015 0.0 0.03621583529945365
0.924966152698679 0.0 0.38004949198993015 0.03621583529945365
0.924966152698679 0.0 -0.38004949198993015 0.03621583529945365
0.924966152698679 -0.38004949198993015 0.0 0.03621583529945365
0.9074658265305126 0.3780091898744865 0.18334346470416577 0.03559031656705388
0.9074658265305126 0.3780091898744865 -0.18334346470416577 0.03559031656705388
0.9074658265305126 0.18334346470416577 0.3780091898744865 0.03559031656705388
0.9074658265305126 0.18334346470416577 -0.3780091898744865 0.03559031656705388
0.9074658265305126 -0.18334346470416577 0.3780091898744865 0.03559031656705388
0.9074658265305126 -0.18334346470416577 -0.3780091898744865 0.03559031656705388
0.9074658265305126 -0.3780091898744865 0.18334346470416577 0.03559031656705388
0.9074658265305126 -0.3780091898744865 -0.18334346470416577 0.03559031656705388
0.860001812127547 0.360830211552009 0.360830211552009 0.034200184856835784
0.860001812127547 0.360830211552009 -0.360830211552009 0.034200184856835784
0.860001812127547 -0.360830211552009 0.360830211552009 0.034200184856835784
0.860001812127547 -0.360830211552009 -0.360830211552009 0.034200184856835784
0.828080150668686 0.552182074349399 0.09684121455103929 0.038151752844446885
0.828080150668686 0.552182074349399 -0.09684121455103929 0.038151752844446885
0.828080150668686 0.09684121455103929 0.552182074349399 0.038151752844446885
0.828080150668686 0.09684121455103929 -0.552182074349399 0.038151752844446885
0.828080150668686 -0.09684121455103929 0.552182074349399 0.038151752844446885
0.828080150668686 -0.09684121455103929 -0.552182074349399 0.038151752844446885
0.828080150668686 -0.552182074349399 0.09684121455103929 0.038151752844446885
0.828080150668686 -0.552182074349399 -0.09684121455103929 0.038151752844446885
0.7934537856582314 0.535123047718276 0.2899558825499571 0.03717581834486734
0.7934537856582314 0.535123047718276 -0.2899558825499571 0.03717581834486734
0.7934537856582314 0.2899558825499571 0.535123047718276 0.03717581834486734
0.7934537856582314 0.2899558825499571 -0.535123047718276 0.03717581834486734
0.7934537856582314 -0.2899558825499571 0.535123047718276 0.03717581834486734
0.7934537856582314 -0.2899558825499571 -0.535123047718276 0.03717581834486734
0.7934537856582314 -0.535123047718276 0.2899558825499571 0.03717581834486734
0.7934537856582314 -0.535123047718276 -0.2899558825499571 0.03717581834486734
0.7349968505877454 0.47946826257120245 0.47946826257120245 0.03777075881540822
0.7349968505877454 0.47946826257120245 -0.47946826257120245 0.03777075881540822
0.7349968505877454 -0.47946826257120245 0.47946826257120245 0.03777075881540822
0.7349968505877454 -0.47946826257120245 -0.47946826257120245 0.03777075881540822
0.7068965463912315 0.7068965463912315 0.024383301669355723 0.02037140121187416
0.7068965463912315 0.7068965463912315 -0.024383301669355723 0.02037140121187416
0.7068965463912315 0.024383301669355723 0.7068965463912315 0.02037140121187416
0.7068965463912315 0.024383301669355723 -0.7068965463912315 0.02037140121187416
0.7068965463912315 -0.024383301669355723 0.7068965463912315 0.02037140121187416
0.7068965463912315 -0.024383301669355723 -0.7068965463912315 0.02037140121187416
0.7068965463912315 -0.7068965463912315 0.024383301669355723 0.02037140121187416
0.7068965463912315 -0.7068965463912315 -0.024383301669355723 0.02037140121187416
0.6930357961327122 0.6930357961327122 0.19850131122336515 0.03747506154912334
0.6930357961327122 0.6930357961327122 -0.19850131122336515 0.03747506154912334
0.6930357961327122 0.19850131122336515 0.6930357961327122 0.03747506154912334
0.6930357961327122 0.19850131122336515 -0.6930357961327122 0.03747506154912334
0.6930357961327122 -0.19850131122336515 0.6930357961327122 0.03747506154912334
0.6930357961327122 -0.19850131122336515 -0.6930357961327122 0.03747506154912334
0.6930357961327122 -0.6930357961327122 0.19850131122336515 0.03747506154912334
0.6930357961327122 -0.6930357961327122 -0.19850131122336515 0.03747506154912334
0.6498486161496165 0.6498486161496165 0.39419988860583866 0.0381202586219325
0.6498486161496165 0.6498486161496165 -0.39419988860583866 0.0381202586219325
0.6498486161496165 0.39419988860583866 0.6498486161496165 0.0381202586219325
0.6498486161496165 0.39419988860583866 -0.6498486161496165 0.0381202586219325
0.6498486161496165 -0.39419988860583866 0.6498486161496165 0.0381202586219325
0.6498486161496165 -0.39419988860583866 -0.6498486161496165 0.0381202586219325
0.6498486161496165 -0.6498486161496165 0.39419988860583866 0.0381202586219325
0.6498486161496165 -0.6498486161496165 -0.39419988860583866 0.0381202586219325
0.5773502691896257 0.5773502691896257 0.5773502691896257 0.038335318858297496
0.5773502691896257 0.5773502691896257 -0.5773502691896257 0.038335318858297496
0.5773502691896257 -0.5773502691896257 0.5773502691896257 0.038335318858297496
0.5773502691896257 -0.5773502691896257 -0.5773502691896257 0.038335318858297496
0.552182074349399 0.828080150668686 0.09684121455103929 0.038151752844446885
0.552182074349399 0.828080150668686 -0.09684121455103929 0.038151752844446885
0.552182074349399 0.09684121455103929 0.828080150668686 0.038151752844446885
0.552182074349399 0.09684121455103929 -0.828080150668686 0.038151752844446885
0.552182074349399 -0.09684121455103929 0.828080150668686 0.038151752844446885
0.552182074349399 -0.09684121455103929 -0.828080150668686 0.038151752844446885
0.552182074349399 -0.828080150668686 0.09684121455103929 0.038151752844446885
0.552182074349399 -0.828080150668686 -0.09684121455103929 0.038151752844446885
0.535123047718276 0.7934537856582314 0.2899558825499571 0.03717581834486734
0.535123047718276 0.7934537856582314 -0.2899558825499571 0.03717581834486734
0.535123047718276 0.2899558825499571 0.7934537856582314 0.03717581834486734
0.535123047718276 0.2899558825499571 -0.7934537856582314 0.03717581834486734
0.535123047718276 -0.2899558825499571 0.7934537856582314 0.03717581834486734
0.535123047718276 -0.2899558825499571 -0.7934537856582314 0.03717581834486734
0.535123047718276 -0.7934537856582314 0.2899558825499571 0.03717581834486734
0.535123047718276 -0.7934537856582314 -0.2899558825499571 0.03717581834486734
0.47946826257120245 0.7349968505877454 0.47946826257120245 0.03777075881540822
0.47946826257120245 0.7349968505877454 -0.47946826257120245 0.03777075881540822
0.47946826257120245 0.47946826257120245 0.7349968505877454 0.03777075881540822
0.47946826257120245 0.47946826257120245 -0.7349968505877454 0.03777075881540822
0.47946826257120245 -0.47946826257120245 0.7349968505877454 0.03777075881540822
0.47946826257120245 -0.47946826257120245 -0.7349968505877454 0.03777075881540822
0.47946826257120245 -0.7349968505877454 0.47946826257120245 0.03777075881540822
0.47946826257120245 -0.7349968505877454 -0.47946826257120245 0.03777075881540822
0.39419988860583866 0.6498486161496165 0.6498486161496165 0.0381202586219325
0.39419988860583866 0.6498486161496165 -0.6498486161496165 0.0381202586219325
0.39419988860583866 -0.6498486161496165 0.6498486161496165 0.0381202586219325
0.39419988860583866 -0.6498486161496165 -0.6498486161496165 0.0381202586219325
0.38004949198993015 0.924966152698679 0.0 0.03621583529945365
0.38004949198993015 0.0 0.924966152698679 0.03621583529945365
0.38004949198993015 0.0 -0.924966152698679 0.03621583529945365
0.38004949198993015 -0.924966152698679 0.0 0.03621583529945365
0.3780091898744865 0.9074658265305126 0.18334346470416577 0.03559031656705388
0.3780091898744865 0.9074658265305126 -0.18334346470416577 0.03559031656705388
0.3780091898744865 0.18334346470416577 0.9074658265305126 0.03559031656705388
0.3780091898744865 0.18334346470416577 -0.9074658265305126 0.03559031656705388
0.3780091898744865 -0.18334346470416577 0.9074658265305126 0.03559031656705388
0.3780091898744865 -0.18334346470416577 -0.9074658265305126 0.03559031656705388
0.3780091898744865 -0.9074658265305126 0.18334346470416577 0.03559031656705388
0.3780091898744865 -0.9074658265305126 -0.18334346470416577 0.03559031656705388
0.360830211552009 0.860001812127547 0.360830211552009 0.034200184856835784
0.360830211552009 0.860001812127547 -0.360830211552009 0.034200184856835784
0.360830211552009 0.360830211552009 0.860001812127547 0.034200184856835784
0.360830211552009 0.360830211552009 -0.860001812127547 0.034200184856835784
0.360830211552009 -0.360830211552009 0.860001812127547 0.034200184856835784
0.360830211552009 -0.360830211552009 -0.860001812127547 0.034200184856835784
0.360830211552009 -0.860001812127547 0.360830211552009 0.034200184856835784
0.360830211552009 -0.860001812127547 -0.360830211552009 0.034200184856835784
0.2899558825499571 0.7934537856582314 0.535123047718276 0.03717581834486734
0.2899558825499571 0.7934537856582314 -0.535123047718276 0.03717581834486734
0.2899558825499571 0.535123047718276 0.7934537856582314 0.03717581834486734
0.2899558825499571 0.535123047718276 -0.7934537856582314 0.03717581834486734
0.2899558825499571 -0.535123047718276 0.7934537856582314 0.03717581834486734
0.2899558825499571 -0.535123047718276 -0.7934537856582314 0.03717581834486734
0.2899558825499571 -0.7934537856582314 0.535123047718276 0.03717581834486734
0.2899558825499571 -0.7934537856582314 -0.535123047718276 0.03717581834486734
0.19850131122336515 0.6930357961327122 0.6930357961327122 0.03747506154912334
0.19850131122336515 0.6930357961327122 -0.6930357961327122 0.03747506154912334
0.19850131122336515 -0.6930357961327122 0.6930357961327122 0.03747506154912334
0.19850131122336515 -0.6930357961327122 -0.6930357961327122 0.03747506154912334
0.19329450132303372 0.9811407828432572 0.0 0.03779900890017878
0.19329450132303372 0.0 0.9811407828432572 0.03779900890017878
0.19329450132303372 0.0 -0.9811407828432572 0.03779900890017878
0.19329450132303372 -0.9811407828432572 0.0 0.03779900890017878
0.19275331548780175 0.9621290551360144 0.19275331548780175 0.03758592063241183
0.19275331548780175 0.9621290551360144 -0.19275331548780175 0.03758592063241183
0.19275331548780175 0.19275331548780175 0.9621290551360144 0.03758592063241183
0.19275331548780175 0.19275331548780175 -0.9621290551360144 0.03758592063241183
0.19275331548780175 -0.19275331548780175 0.9621290551360144 0.03758592063241183
0.19275331548780175 -0.19275331548780175 -0.9621290551360144 0.03758592063241183
0.19275331548780175 -0.9621290551360144 0.19275331548780175 0.03758592063241183
0.19275331548780175 -0.9621290551360144 -0.19275331548780175 0.03758592063241183
0.18334346470416577 0.9074658265305126 0.3780091898744865 0.03559031656705388
0.18334346470416577 0.9074658265305126 -0.3780091898744865 0.03559031656705388
0.18334346470416577 0.3780091898744865 0.9074658265305126 0.03559031656705388
0.18334346470416577 0.3780091898744865 -0.9074658265305126 0.03559031656705388
0.18334346470416577 -0.3780091898744865 0.9074658265305126 0.03559031656705388
0.18334346470416577 -0.3780091898744865 -0.9074658265305126 0.03559031656705388
0.18334346470416577 -0.9074658265305126 0.3780091898744865 0.03559031656705388
0.18334346470416577 -0.9074658265305126 -0.3780091898744865 0.03559031656705388
0.09684121455103929 0.828080150668686 0.552182074349399 0.038151752844446885
0.09684121455103929 0.828080150668686 -0.552182074349399 0.038151752844446885
0.09684121455103929 0.552182074349399 0.828080150668686 0.038151752844446885
0.09684121455103929 0.552182074349399 -0.828080150668686 0.038151752844446885
0.09684121455103929 -0.552182074349399 0.828080150668686 0.038151752844446885
0.09684121455103929 -0.552182074349399 -0.828080150668686 0.038151752844446885
0.09684121455103929 -0.828080150668686 0.552182074349399 0.038151752844446885
0.09684121455103929 -0.828080150668686 -0.552182074349399 0.038151752844446885
0.024383301669355723 0.7068965463912315 0.7068965463912315 0.02037140121187416
0.024383301669355723 0.7068965463912315 -0.7068965463912315 0.02037140121187416
0.024383301669355723 -0.7068965463912315 0.7068965463912315 0.02037140121187416
0.024383301669355723 -0.7068965463912315 -0.7068965463912315 0.02037140121187416
0.0 1.0 0.0 0.03778452231568943
0.0 0.9811407828432572 0.19329450132303372 0.03779900890017878
0.0 0.9811407828432572 -0.19329450132303372 0.03779900890017878
0.0 0.924966152698679 0.38004949198993015 0.03621583529945365
0.0 0.924966152698679 -0.38004949198993015 0.03621583529945365
0.0 0.38004949198993015 0.924966152698679 0.03621583529945365
0.0 0.38004949198993015 -0.924966152698679 0.03621583529945365
0.0 0.19329450132303372 0.9811407828432572 0.03779900890017878
0.0 0.19329450132303372 -0.9811407828432572 0.03779900890017878
0.0 0.0 1.0 0.03778452231568943
0.0 0.0 -1.0 0.03778452231568943
0.0 -0.19329450132303372 0.9811407828432572 0.03779900890017878
0.0 -0.19329450132303372 -0.9811407828432572 0.03779900890017878
0.0 -0.38004949198993015 0.924966152698679 0.03621583529945365
0.0 -0.38004949198993015 -0.924966152698679 0.03621583529945365
0.0 -0.924966152698679 0.38004949198993015 0.03621583529945365
0.0 -0.924966152698679 -0.38004949198993015 0.03621583529945365
0.0 -0.9811407828432572 0.19329450132303372 0.03779900890017878
0.0 -0.9811407828432572 -0.19329450132303372 0.03779900890017878
0.0 -1.0 0.0 0.03778452231568943
-0.024383301669355723 0.7068965463912315 0.7068965463912315 0.02037140121187416
-0.024383301669355723 0.7068965463912315 -0.7068965463912315 0.02037140121187416
-0.024383301669355723 -0.7068965463912315 0.7068965463912315 0.02037140121187416
-0.024383301669355723 -0.7068965463912315 -0.7068965463912315 0.02037140121187416
-0.09684121455103929 0.828080150668686 0.552182074349399 0.038151752844446885
-0.09684121455103929 0.828080150668686 -0.552182074349399 0.038151752844446885
-0.09684121455103929 0.552182074349399 0.828080150668686 0.038151752844446885
-0.09684121455103929 0.552182074349399 -0.828080150668686 0.038151752844446885
-0.09684121455103929 -0.552182074349399 0.828080150668686 0.038151752844446885
-0.09684121455103929 -0.552182074349399 -0.828080150668686 0.038151752844446885
-0.09684121455103929 -0.828080150668686 0.552182074349399 0.038151752844446885
-0.09684121455103929 -0.828080150668686 -0.552182074349399 0.038151752844446885
-0.18334346470416577 0.9074658265305126 0.3780091898744865 0.03559031656705388
-0.18334346470416577 0.9074658265305126 -0.3780091898744865 0.03559031656705388
-0.18334346470416577 0.3780091898744865 0.9074658265305126 0.03559031656705388
-0.18334346470416577 0.3780091898744865 -0.9074658265305126 0.03559031656705388
-0.18334346470416577 -0.3780091898744865 0.9074658265305126 0.03559031656705388
-0.18334346470416577 -0.3780091898744865 -0.9074658265305126 0.03559031656705388
-0.18334346470416577 -0.9074658265305126 0.3780091898744865 0.03559031656705388
-0.18334346470416577 -0.9074658265305126 -0.3780091898744865 0.03559031656705388
-0.19275331548780175 0.9621290551360144 0.19275331548780175 0.03758592063241183
-0.19275331548780175 0.9621290551360144 -0.19275331548780175 0.03758592063241183
-0.19275331548780175 0.19275331548780175 0.9621290551360144 0.03758592063241183
-0.19275331548780175 0.19275331548780175 -0.9621290551360144 0.03758592063241183
-0.19275331548780175 -0.19275331548780175 0.9621290551360144 0.03758592063241183
-0.19275331548780175 -0.19275331548780175 -0.9621290551360144 0.03758592063241183
-0.19275331548780175 -0.9621290551360144 0.19275331548780175 0.03758592063241183
-0.19275331548780175 -0.9621290551360144 -0.19275331548780175 0.03758592063241183
-0.19329450132303372 0.9811407828432572 0.0 0.03779900890017878
-0.19329450132303372 0.0 0.9811407828432572 0.03779900890017878
-0.19329450132303372 0.0 -0.9811407828432572 0.03779900890017878
-0.19329450132303372 -0.9811407828432572 0.0 0.03779900890017878
-0.19850131122336515 0.6930357961327122 0.6930357961327122 0.03747506154912334
-0.19850131122336515 0.6930357961327122 -0.6930357961327122 0.03747506154912334
-0.19850131122336515 -0.6930357961327122 0.6930357961327122 0.03747506154912334
-0.19850131122336515 -0.6930357961327122 -0.6930357961327122 0.03747506154912334
-0.2899558825499571 0.7934537856582314 0.535123047718276 0.03717581834486734
-0.2899558825499571 0.7934537856582314 -0.535123047718276 0.03717581834486734
-0.2899558825499571 0.535123047718276 0.7934537856582314 0.03717581834486734
-0.2899558825499571 0.535123047718276 -0.7934537856582314 0.03717581834486734
-0.2899558825499571 -0.535123047718276 0.7934537856582314 0.03717581834486734
-0.2899558825499571 -0.535123047718276 -0.7934537856582314 0.03717581834486734
-0.2899558825499571 -0.7934537856582314 0.535123047718276 0.03717581834486734
-0.2899558825499571 -0.7934537856582314 -0.535123047718276 0.03717581834486734
-0.360830211552009 0.860001812127547 0.360830211552009 0.034200184856835784
-0.360830211552009 0.860001812127547 -0.360830211552009 0.034200184856835784
-0.360830211552009 0.360830211552009 0.860001812127547 0.034200184856835784
-0.360830211552009 0.360830211552009 -0.860001812127547 0.034200184856835784
-0.360830211552009 -0.360830211552009 0.860001812127547 0.034200184856835784
-0.360830211552009 -0.360830211552009 -0.860001812127547 0.034200184856835784
-0.360830211552009 -0.860001812127547 0.360830211552009 0.034200184856835784
-0.360830211552009 -0.860001812127547 -0.360830211552009 0.034200184856835784
-0.3780091898744865 0.9074658265305126 0.18334346470416577 0.03559031656705388
-0.3780091898744865 0.9074658265305126 -0.18334346470416577 0.03559031656705388
-0.3780091898744865 0.18334346470416577 0.9074658265305126 0.03559031656705388
-0.3780091898744865 0.18334346470416577 -0.9074658265305126 0.03559031656705388
-0.3780091898744865 -0.18334346470416577 0.9074658265305126 0.03559031656705388
-0.3780091898744865 -0.18334346470416577 -0.9074658265305126 0.03559031656705388
-0.3780091898744865 -0.9074658265305126 0.18334346470416577 0.03559031656705388
-0.3780091898744865 -0.9074658265305126 -0.18334346470416577 0.03559031656705388
-0.38004949198993015 0.924966152698679 0.0 0.03621583529945365
-0.38004949198993015 0.0 0.924966152698679 0.03621583529945365
-0.38004949198993015 0.0 -0.924966152698679 0.03621583529945365
-0.38004949198993015 -0.924966152698679 0.0 0.03621583529945365
-0.39419988860583866 0.6498486161496165 0.6498486161496165 0.0381202586219325
-0.39419988860583866 0.6498486161496165 -0.6498486161496165 0.0381202586219325
-0.39419988860583866 -0.6498486161496165 0.6498486161496165 0.0381202586219325
-0.39419988860583866 -0.6498486161496165 -0.6498486161496165 0.0381202586219325
-0.47946826257120245 0.7349968505877454 0.47946826257120245 0.03777075881540822
-0.47946826257120245 0.7349968505877454 -0.47946826257120245 0.03777075881540822
-0.47946826257120245 0.47946826257120245 0.7349968505877454 0.03777075881540822
-0.47946826257120245 0.47946826257120245 -0.7349968505877454 0.03777075881540822
-0.47946826257120245 -0.47946826257120245 0.7349968505877454 0.03777075881540822
-0.47946826257120245 -0.47946826257120245 -0.7349968505877454 0.03777075881540822
-0.47946826257120245 -0.7349968505877454 0.47946826257120245 0.03777075881540822
-0.47946826257120245 -0.7349968505877454 -0.47946826257120245 0.03777075881540822
-0.535123047718276 0.7934537856582314 0.2899558825499571 0.03717581834486734
-0.535123047718276 0.7934537856582314 -0.2899558825499571 0.03717581834486734
-0.535123047718276 0.2899558825499571 0.7934537856582314 0.03717581834486734
-0.535123047718276 0.2899558825499571 -0.7934537856582314 0.03717581834486734
-0.535123047718276 -0.2899558825499571 0.7934537856582314 0.03717581834486734
-0.535123047718276 -0.2899558825499571 -0.7934537856582314 0.03717581834486734
-0.535123047718276 -0.7934537856582314 0.2899558825499571 0.03717581834486734
-0.535123047718276 -0.7934537856582314 -0.2899558825499571 0.03717581834486734
-0.552182074349399 0.828080150668686 0.09684121455103929 0.038151752844446885
-0.552182074349399 0.828080150668686 -0.09684121455103929 0.038151752844446885
-0.552182074349399 0.09684121455103929 0.828080150668686 0.038151752844446885
-0.552182074349399 0.09684121455103929 -0.828080150668686 0.038151752844446885
-0.552182074349399 -0.09684121455103929 0.828080150668686 0.038151752844446885
-0.552182074349399 -0.09684121455103929 -0.828080150668686 0.038151752844446885
-0.552182074349399 -0.828080150668686 0.09684121455103929 0.038151752844446885
-0.552182074349399 -0.828080150668686 -0.09684121455103929 0.038151752844446885
-0.5773502691896257 0.5773502691896257 0.5773502691896257 0.038335318858297496
-0.5773502691896257 0.5773502691896257 -0.5773502691896257 0.038335318858297496
-0.5773502691896257 -0.5773502691896257 0.5773502691896257 0.038335318858297496
-0.5773502691896257 -0.5773502691896257 -0.5773502691896257 0.038335318858297496
-0.6498486161496165 0.6498486161496165 0.39419988860583866 0.0381202586219325
-0.6498486161496165 0.6498486161496165 -0.39419988860583866 0.0381202586219325
-0.6498486161496165 0.39419988860583866 0.6498486161496165 0.0381202586219325
-0.6498486161496165 0.39419988860583866 -0.6498486161496165 0.0381202586219325
-0.6498486161496165 -0.39419988860583866 0.6498486161496165 0.0381202586219325
-0.6498486161496165 -0.39419988860583866 -0.6498486161496165 0.0381202586219325
-0.6498486161496165 -0.6498486161496165 0.39419988860583866 0.0381202586219325
-0.6498486161496165 -0.6498486161496165 -0.39419988860583866 0.0381202586219325
-0.6930357961327122 0.6930357961327122 0.19850131122336515 0.03747506154912334
-0.6930357961327122 0.6930357961327122 -0.19850131122336515 0.03747506154912334
-0.6930357961327122 0.19850131122336515 0.6930357961327122 0.03747506154912334
-0.6930357961327122 0.19850131122336515 -0.6930357961327122 0.03747506154912334
-0.6930357961327122 -0.19850131122336515 0.6930357961327122 0.03747506154912334
-0.6930357961327122 -0.19850131122336515 -0.6930357961327122 0.03747506154912334
-0.6930357961327122 -0.6930357961327122 0.19850131122336515 0.03747506154912334
-0.6930357961327122 -0.6930357961327122 -0.19850131122336515 0.03747506154912334
-0.7068965463912315 0.7068965463912315 0.024383301669355723 0.02037140121187416
-0.7068965463912315 0.7068965463912315 -0.024383301669355723 0.02037140121187416
-0.7068965463912315 0.024383301669355723 0.7068965463912315 0.02037140121187416
-0.7068965463912315 0.024383301669355723 -0.7068965463912315 0.02037140121187416
-0.7068965463912315 -0.024383301669355723 0.7068965463912315 0.02037140121187416
-0.7068965463912315 -0.024383301669355723 -0.7068965463912315 0.02037140121187416
-0.7068965463912315 -0.7068965463912315 0.024383301669355723 0.02037140121187416
-0.7068965463912315 -0.7068965463912315 -0.024383301669355723 0.02037140121187416
-0.7349968505877454 0.47946826257120245 0.47946826257120245 0.03777075881540822
-0.7349968505877454 0.47946826257120245 -0.47946826257120245 0.03777075881540822
-0.7349968505877454 -0.47946826257120245 0.47946826257120245 0.03777075881540822
-0.7349968505877454 -0.47946826257120245 -0.47946826257120245 0.03777075881540822
-0.7934537856582314 0.535123047718276 0.2899558825499571 0.03717581834486734
-0.7934537856582314 0.535123047718276 -0.2899558825499571 0.03717581834486734
-0.7934537856582314 0.2899558825499571 0.535123047718276 0.03717581834486734
-0.7934537856582314 0.2899558825499571 -0.535123047718276 0.03717581834486734
-0.7934537856582314 -0.2899558825499571 0.535123047718276 0.03717581834486734
-0.7934537856582314 -0.2899558825499571 -0.535123047718276 0.03717581834486734
-0.7934537856582314 -0.535123047718276 0.2899558825499571 0.03717581834486734
-0.7934537856582314 -0.535123047718276 -0.2899558825499571 0.03717581834486734
-0.828080150668686 0.552182074349399 0.09684121455103929 0.038151752844446885
-0.828080150668686 0.552182074349399 -0.09684121455103929 0.038151752844446885
-0.828080150668686 0.09684121455103929 0.552182074349399 0.038151752844446885
-0.828080150668686 0.09684121455103929 -0.552182074349399 0.038151752844446885
-0.828080150668686 -0.09684121455103929 0.552182074349399 0.038151752844446885
-0.828080150668686 -0.09684121455103929 -0.552182074349399 0.038151752844446885
-0.828080150668686 -0.552182074349399 0.09684121455103929 0.038151752844446885
-0.828080150668686 -0.552182074349399 -0.09684121455103929 0.038151752844446885
-0.860001812127547 0.360830211552009 0.360830211552009 0.034200184856835784
-0.860001812127547 0.360830211552009 -0.360830211552009 0.034200184856835784
-0.860001812127547 -0.360830211552009 0.360830211552009 0.034200184856835784
-0.860001812127547 -0.360830211552009 -0.360830211552009 0.034200184856835784
-0.9074658265305126 0.3780091898744865 0.18334346470416577 0.03559031656705388
-0.9074658265305126 0.3780091898744865 -0.18334346470416577 0.03559031656705388
-0.9074658265305126 0.18334346470416577 0.3780091898744865 0.03559031656705388
-0.9074658265305126 0.18334346470416577 -0.3780091898744865 0.03559031656705388
-0.9074658265305126 -0.18334346470416577 0.3780091898744865 0.03559031656705388
-0.9074658265305126 -0.18334346470416577 -0.3780091898744865 0.03559031656705388
-0.9074658265305126 -0.3780091898744865 0.18334346470416577 0.03559031656705388
-0.9074658265305126 -0.3780091898744865 -0.18334346470416577 0.03559031656705388
-0.924966152698679 0.38004949198993015 0.0 0.03621583529945365
-0.924966152698679 0.0 0.38004949198993015 0.03621583529945365
-0.924966152698679 0.0 -0.38004949198993015 0.03621583529945365
-0.924966152698679 -0.38004949198993015 0.0 0.03621583529945365
-0.9621290551360144 0.19275331548780175 0.19275331548780175 0.03758592063241183
-0.9621290551360144 0.19275331548780175 -0.19275331548780175 0.03758592063241183
-0.9621290551360144 -0.19275331548780175 0.19275331548780175 0.03758592063241183
-0.9621290551360144 -0.19275331548780175 -0.19275331548780175 0.03758592063241183
-0.9811407828432572 0.19329450132303372 0.0 0.03779900890017878
-0.9811407828432572 0.0 0.19329450132303372 0.03779900890017878
-0.9811407828432572 0.0 -0.19329450132303372 0.03779900890017878
-0.9811407828432572 -0.19329450132303372 0.0 0.03779900890017878
-1.0 0.0 0.0 0.03778452231568943
