1.0 0.0 0.0 0.006617322548605349
0.9942559126312778 0.07568084367177966 0.07568084367177966 0.01837826200284036
0.9942559126312778 0.07568084367177966 -0.07568084367177966 0.01837826200284036
0.9942559126312778 -0.07568084367177966 0.07568084367177966 0.01837826200284036
0.9942559126312778 -0.07568084367177966 -0.07568084367177966 0.01837826200284036
0.9776428111182649 0.2102725228573066 0.0 0.024013722037858735
0.9776428111182649 0.0 0.2102725228573066 0.024013722037858735
0.9776428111182649 0.0 -0.2102725228573066 0.024013722037858735
0.9776428111182649 -0.2102725228573066 0.0 0.024013722037858735
0.9679871587914728 0.17748360546091557 0.17748360546091557 0.025312176697596684
0.9679871587914728 0.17748360546091557 -0.17748360546091557 0.025312176697596684
0.9679871587914728 -0.17748360546091557 0.17748360546091557 0.025312176697596684
0.9679871587914728 -0.17748360546091557 -0.17748360546091557 0.025312176697596684
0.9371809858553721 0.3344363145343453 0.09921769636429215 0.028106042036615764
0.9371809858553721 0.3344363145343453 -0.09921769636429215 0.028106042036615764
0.9371809858553721 0.09921769636429215 0.3344363145343453 0.028106042036615764
0.9371809858553721 0.09921769636429215 -0.3344363145343453 0.028106042036615764
0.9371809858553721 -0.09921769636429215 0.3344363145343453 0.028106042036615764
0.9371809858553721 -0.09921769636429215 -0.3344363145343453 0.028106042036615764
0.9371809858553721 -0.3344363145343453 0.09921769636429215 0.028106042036615764
0.9371809858553721 -0.3344363145343453 -0.09921769636429215 0.028106042036615764
0.9144728011208724 0.28612890103076366 0.28612890103076366 0.028936516045215566
0.9144728011208724 0.28612890103076366 -0.28612890103076366 0.028936516045215566
0.9144728011208724 -0.28612890103076366 0.28612890103076366 0.028936516045215566
0.9144728011208724 -0.28612890103076366 -0.28612890103076366 0.028936516045215566
0.8818132877794287 0.4715986911513159 0.0 0.030378476831136557
0.8818132877794287 0.0 0.4715986911513159 0.030378476831136557
0.8818132877794287 0.0 -0.4715986911513159 0.030378476831136557
0.8818132877794287 -0.4715986911513159 0.0 0.030378476831136557
0.8689460322872411 0.45023303825826244 0.20548236964030417 0.030372038685967495
0.8689460322872411 0.45023303825826244 -0.20548236964030417 0.030372038685967495
0.8689460322872411 0.20548236964030417 0.45023303825826244 0.030372038685967495
0.8689460322872411 0.20548236964030417 -0.45023303825826244 0.030372038685967495
0.8689460322872411 -0.20548236964030417 0.45023303825826244 0.030372038685967495
0.8689460322872411 -0.20548236964030417 -0.45023303825826244 0.030372038685967495
0.8689460322872411 -0.45023303825826244 0.20548236964030417 0.030372038685967495
0.8689460322872411 -0.45023303825826244 -0.20548236964030417 0.030372038685967495
0.8315844004192323 0.3927259763367999 0.3927259763367999 0.030729468903784564
0.8315844004192323 0.3927259763367999 -0.3927259763367999 0.030729468903784564
0.8315844004192323 -0.3927259763367999 0.3927259763367999 0.030729468903784564
0.8315844004192323 -0.3927259763367999 -0.3927259763367999 0.030729468903784564
0.7999278543857286 0.590515704892527 0.1068018260758046 0.0315696993854906
0.7999278543857286 0.590515704892527 -0.1068018260758046 0.0315696993854906
0.7999278543857286 0.1068018260758046 0.590515704892527 0.0315696993854906
0.7999278543857286 0.1068018260758046 -0.590515704892527 0.0315696993854906
0.7999278543857286 -0.1068018260758046 0.590515704892527 0.0315696993854906
0.7999278543857286 -0.1068018260758046 -0.590515704892527 0.0315696993854906
0.7999278543857286 -0.590515704892527 0.1068018260758046 0.0315696993854906
0.7999278543857286 -0.590515704892527 -0.1068018260758046 0.0315696993854906
0.77174626269159 0.5550152361076807 0.3104284035166539 0.031373754481649356
0.77174626269159 0.5550152361076807 -0.3104284035166539 0.031373754481649356
0.77174626269159 0.3104284035166539 0.5550152361076807 0.031373754481649356
0.77174626269159 0.3104284035166539 -0.5550152361076807 0.031373754481649356
0.77174626269159 -0.3104284035166539 0.5550152361076807 0.031373754481649356
0.77174626269159 -0.3104284035166539 -0.5550152361076807 0.031373754481649356
0.77174626269159 -0.5550152361076807 0.3104284035166539 0.031373754481649356
0.77174626269159 -0.5550152361076807 -0.3104284035166539 0.031373754481649356
0.7190165010408435 0.49143426377847443 0.49143426377847443 0.031437605641422214
0.7190165010408435 0.49143426377847443 -0.49143426377847443 0.031437605641422214
0.7190165010408435 -0.49143426377847443 0.49143426377847443 0.031437605641422214
0.7190165010408435 -0.49143426377847443 -0.49143426377847443 0.031437605641422214
0.7071067811865475 0.7071067811865475 0.0 0.03202187657510165
0.7071067811865475 0.0 0.7071067811865475 0.03202187657510165
0.7071067811865475 0.0 -0.7071067811865475 0.03202187657510165
0.7071067811865475 -0.7071067811865475 0.0 0.03202187657510165
0.6909346307509111 0.6909346307509111 0.2126468247075513 0.0317979919696865
0.6909346307509111 0.6909346307509111 -0.2126468247075513 0.0317979919696865
0.6909346307509111 0.2126468247075513 0.6909346307509111 0.0317979919696865
0.6909346307509111 0.2126468247075513 -0.6909346307509111 0.0317979919696865
0.6909346307509111 -0.2126468247075513 0.6909346307509111 0.0317979919696865
0.6909346307509111 -0.2126468247075513 -0.6909346307509111 0.0317979919696865
0.6909346307509111 -0.6909346307509111 0.2126468247075513 0.0317979919696865
0.6909346307509111 -0.6909346307509111 -0.2126468247075513 0.0317979919696865
0.6456664707424254 0.6456664707424254 0.4077126648977694 0.03158264676890181
0.6456664707424254 0.6456664707424254 -0.4077126648977694 0.03158264676890181
0.6456664707424254 0.4077126648977694 0.6456664707424254 0.03158264676890181
0.6456664707424254 0.4077126648977694 -0.6456664707424254 0.03158264676890181
0.6456664707424254 -0.4077126648977694 0.6456664707424254 0.03158264676890181
0.6456664707424254 -0.4077126648977694 -0.6456664707424254 0.03158264676890181
0.6456664707424254 -0.6456664707424254 0.4077126648977694 0.03158264676890181
0.6456664707424254 -0.6456664707424254 -0.4077126648977694 0.03158264676890181
0.590515704892527 0.7999278543857286 0.1068018260758046 0.0315696993854906
0.590515704892527 0.7999278543857286 -0.1068018260758046 0.0315696993854906
0.590515704892527 0.1068018260758046 0.7999278543857286 0.0315696993854906
0.590515704892527 0.1068018260758046 -0.7999278543857286 0.0315696993854906
0.590515704892527 -0.1068018260758046 0.7999278543857286 0.0315696993854906
0.590515704892527 -0.1068018260758046 -0.7999278543857286 0.0315696993854906
0.590515704892527 -0.7999278543857286 0.1068018260758046 0.0315696993854906
0.590515704892527 -0.7999278543857286 -0.1068018260758046 0.0315696993854906
0.5773502691896257 0.5773502691896257 0.5773502691896257 0.03157071178714693
0.5773502691896257 0.5773502691896257 -0.5773502691896257 0.03157071178714693
0.5773502691896257 -0.5773502691896257 0.5773502691896257 0.03157071178714693
0.5773502691896257 -0.5773502691896257 -0.5773502691896257 0.03157071178714693
0.5550152361076807 0.77174626269159 0.3104284035166539 0.031373754481649356
0.5550152361076807 0.77174626269159 -0.3104284035166539 0.031373754481649356
0.5550152361076807 0.3104284035166539 0.77174626269159 0.031373754481649356
0.5550152361076807 0.3104284035166539 -0.77174626269159 0.031373754481649356
0.5550152361076807 -0.3104284035166539 0.77174626269159 0.031373754481649356
0.5550152361076807 -0.3104284035166539 -0.77174626269159 0.031373754481649356
0.5550152361076807 -0.77174626269159 0.3104284035166539 0.031373754481649356
0.5550152361076807 -0.77174626269159 -0.3104284035166539 0.031373754481649356
0.49143426377847443 0.7190165010408435 0.49143426377847443 0.031437605641422214
0.49143426377847443 0.7190165010408435 -0.49143426377847443 0.031437605641422214
0.49143426377847443 0.49143426377847443 0.7190165010408435 0.031437605641422214
0.49143426377847443 0.49143426377847443 -0.7190165010408435 0.031437605641422214
0.49143426377847443 -0.49143426377847443 0.7190165010408435 0.031437605641422214
0.49143426377847443 -0.49143426377847443 -0.7190165010408435 0.031437605641422214
0.49143426377847443 -0.7190165010408435 0.49143426377847443 0.031437605641422214
0.49143426377847443 -0.7190165010408435 -0.49143426377847443 0.031437605641422214
0.4715986911513159 0.8818132877794287 0.0 0.030378476831136557
0.4715986911513159 0.0 0.8818132877794287 0.030378476831136557
0.4715986911513159 0.0 -0.8818132877794287 0.030378476831136557
0.4715986911513159 -0.8818132877794287 0.0 0.030378476831136557
0.45023303825826244 0.8689460322872411 0.20548236964030417 0.030372038685967495
0.45023303825826244 0.8689460322872411 -0.20548236964030417 0.030372038685967495
0.45023303825826244 0.20548236964030417 0.8689460322872411 0.030372038685967495
0.45023303825826244 0.20548236964030417 -0.8689460322872411 0.030372038685967495
0.45023303825826244 -0.20548236964030417 0.8689460322872411 0.030372038685967495
0.45023303825826244 -0.20548236964030417 -0.8689460322872411 0.030372038685967495
0.45023303825826244 -0.8689460322872411 0.20548236964030417 0.030372038685967495
0.45023303825826244 -0.8689460322872411 -0.20548236964030417 0.030372038685967495
0.4077126648977694 0.6456664707424254 0.6456664707424254 0.03158264676890181
0.4077126648977694 0.6456664707424254 -0.6456664707424254 0.03158264676890181
0.4077126648977694 -0.6456664707424254 0.6456664707424254 0.03158264676890181
0.4077126648977694 -0.6456664707424254 -0.6456664707424254 0.03158264676890181
0.3927259763367999 0.8315844004192323 0.3927259763367999 0.030729468903784564
0.3927259763367999 0.8315844004192323 -0.3927259763367999 0.030729468903784564
0.3927259763367999 0.3927259763367999 0.8315844004192323 0.030729468903784564
0.3927259763367999 0.3927259763367999 -0.8315844004192323 0.030729468903784564
0.3927259763367999 -0.3927259763367999 0.8315844004192323 0.030729468903784564
0.3927259763367999 -0.3927259763367999 -0.8315844004192323 0.030729468903784564
0.3927259763367999 -0.8315844004192323 0.3927259763367999 0.030729468903784564
0.3927259763367999 -0.8315844004192323 -0.3927259763367999 0.030729468903784564
0.3344363145343453 0.9371809858553721 0.09921769636429215 0.028106042036615764
0.3344363145343453 0.9371809858553721 -0.09921769636429215 0.028106042036615764
0.3344363145343453 0.09921769636429215 0.9371809858553721 0.028106042036615764
0.3344363145343453 0.09921769636429215 -0.9371809858553721 0.028106042036615764
0.3344363145343453 -0.09921769636429215 0.9371809858553721 0.028106042036615764
0.3344363145343453 -0.09921769636429215 -0.9371809858553721 0.028106042036615764
0.3344363145343453 -0.9371809858553721 0.09921769636429215 0.028106042036615764
0.3344363145343453 -0.9371809858553721 -0.09921769636429215 0.028106042036615764
0.3104284035166539 0.77174626269159 0.5550152361076807 0.031373754481649356
0.3104284035166539 0.77174626269159 -0.5550152361076807 0.031373754481649356
0.3104284035166539 0.5550152361076807 0.77174626269159 0.031373754481649356
0.3104284035166539 0.5550152361076807 -0.77174626269159 0.031373754481649356
0.3104284035166539 -0.5550152361076807 0.77174626269159 0.031373754481649356
0.3104284035166539 -0.5550152361076807 -0.77174626269159 0.031373754481649356
0.3104284035166539 -0.77174626269159 0.5550152361076807 0.031373754481649356
0.3104284035166539 -0.77174626269159 -0.5550152361076807 0.031373754481649356
0.28612890103076366 0.9144728011208724 0.28612890103076366 0.028936516045215566
0.28612890103076366 0.9144728011208724 -0.28612890103076366 0.028936516045215566
0.28612890103076366 0.28612890103076366 0.9144728011208724 0.028936516045215566
0.28612890103076366 0.28612890103076366 -0.9144728011208724 0.028936516045215566
0.28612890103076366 -0.28612890103076366 0.9144728011208724 0.028936516045215566
0.28612890103076366 -0.28612890103076366 -0.9144728011208724 0.028936516045215566
0.28612890103076366 -0.9144728011208724 0.28612890103076366 0.028936516045215566
0.28612890103076366 -0.9144728011208724 -0.28612890103076366 0.028936516045215566
0.2126468247075513 0.6909346307509111 0.6909346307509111 0.0317979919696865
0.2126468247075513 0.6909346307509111 -0.6909346307509111 0.0317979919696865
0.2126468247075513 -0.6909346307509111 0.6909346307509111 0.0317979919696865
0.2126468247075513 -0.6909346307509111 -0.6909346307509111 0.0317979919696865
0.2102725228573066 0.9776428111182649 0.0 0.024013722037858735
0.2102725228573066 0.0 0.9776428111182649 0.024013722037858735
0.2102725228573066 0.0 -0.9776428111182649 0.024013722037858735
0.2102725228573066 -0.9776428111182649 0.0 0.024013722037858735
0.20548236964030417 0.8689460322872411 0.45023303825826244 0.030372038685967495
0.20548236964030417 0.8689460322872411 -0.45023303825826244 0.030372038685967495
0.20548236964030417 0.45023303825826244 0.8689460322872411 0.030372038685967495
0.20548236964030417 0.45023303825826244 -0.8689460322872411 0.030372038685967495
0.20548236964030417 -0.45023303825826244 0.8689460322872411 0.030372038685967495
0.20548236964030417 -0.45023303825826244 -0.8689460322872411 0.030372038685967495
0.20548236964030417 -0.8689460322872411 0.45023303825826244 0.030372038685967495
0.20548236964030417 -0.8689460322872411 -0.45023303825826244 0.030372038685967495
0.17748360546091557 0.9679871587914728 0.17748360546091557 0.025312176697596684
0.17748360546091557 0.9679871587914728 -0.17748360546091557 0.025312176697596684
0.17748360546091557 0.17748360546091557 0.9679871587914728 0.025312176697596684
0.17748360546091557 0.17748360546091557 -0.9679871587914728 0.025312176697596684
0.17748360546091557 -0.17748360546091557 0.9679871587914728 0.025312176697596684
0.17748360546091557 -0.17748360546091557 -0.9679871587914728 0.025312176697596684
0.17748360546091557 -0.9679871587914728 0.17748360546091557 0.025312176697596684
0.17748360546091557 -0.9679871587914728 -0.17748360546091557 0.025312176697596684
0.1068018260758046 0.7999278543857286 0.590515704892527 0.0315696993854906
0.1068018260758046 0.7999278543857286 -0.590515704892527 0.0315696993854906
0.1068018260758046 0.590515704892527 0.7999278543857286 0.0315696993854906
0.1068018260758046 0.590515704892527 -0.7999278543857286 0.0315696993854906
0.1068018260758046 -0.590515704892527 0.7999278543857286 0.0315696993854906
0.1068018260758046 -0.590515704892527 -0.7999278543857286 0.0315696993854906
0.1068018260758046 -0.7999278543857286 0.590515704892527 0.0315696993854906
0.1068018260758046 -0.7999278543857286 -0.590515704892527 0.0315696993854906
0.09921769636429215 0.9371809858553721 0.3344363145343453 0.028106042036615764
0.09921769636429215 0.9371809858553721 -0.3344363145343453 0.028106042036615764
0.09921769636429215 0.3344363145343453 0.9371809858553721 0.028106042036615764
0.09921769636429215 0.3344363145343453 -0.9371809858553721 0.028106042036615764
0.09921769636429215 -0.3344363145343453 0.9371809858553721 0.028106042036615764
0.09921769636429215 -0.3344363145343453 -0.9371809858553721 0.028106042036615764
0.09921769636429215 -0.9371809858553721 0.3344363145343453 0.028106042036615764
0.09921769636429215 -0.9371809858553721 -0.3344363145343453 0.028106042036615764
0.07568084367177966 0.9942559126312778 0.07568084367177966 0.01837826200284036
0.07568084367177966 0.9942559126312778 -0.07568084367177966 0.01837826200284036
0.07568084367177966 0.07568084367177966 0.9942559126312778 0.01837826200284036
0.07568084367177966 0.07568084367177966 -0.9942559126312778 0.01837826200284036
0.07568084367177966 -0.07568084367177966 0.9942559126312778 0.01837826200284036
0.07568084367177966 -0.07568084367177966 -0.9942559126312778 0.01837826200284036
0.07568084367177966 -0.9942559126312778 0.07568084367177966 0.01837826200284036
0.07568084367177966 -0.9942559126312778 -0.07568084367177966 0.01837826200284036
0.0 1.0 0.0 0.006617322548605349
0.0 0.9776428111182649 0.2102725228573066 0.024013722037858735
0.0 0.9776428111182649 -0.2102725228573066 0.024013722037858735
0.0 0.8818132877794287 0.4715986911513159 0.030378476831136557
0.0 0.8818132877794287 -0.4715986911513159 0.030378476831136557
0.0 0.7071067811865475 0.7071067811865475 0.03202187657510165
0.0 0.7071067811865475 -0.7071067811865475 0.03202187657510165
0.0 0.4715986911513159 0.8818132877794287 0.030378476831136557
0.0 0.4715986911513159 -0.8818132877794287 0.030378476831136557
0.0 0.2102725228573066 0.9776428111182649 0.024013722037858735
0.0 0.2102725228573066 -0.9776428111182649 0.024013722037858735
0.0 0.0 1.0 0.006617322548605349
0.0 0.0 -1.0 0.006617322548605349
0.0 -0.2102725228573066 0.9776428111182649 0.024013722037858735
0.0 -0.2102725228573066 -0.9776428111182649 0.024013722037858735
0.0 -0.4715986911513159 0.8818132877794287 0.030378476831136557
0.0 -0.4715986911513159 -0.8818132877794287 0.030378476831136557
0.0 -0.7071067811865475 0.7071067811865475 0.03202187657510165
0.0 -0.7071067811865475 -0.7071067811865475 0.03202187657510165
0.0 -0.8818132877794287 0.4715986911513159 0.030378476831136557
0.0 -0.8818132877794287 -0.4715986911513159 0.030378476831136557
0.0 -0.9776428111182649 0.2102725228573066 0.024013722037858735
0.0 -0.9776428111182649 -0.2102725228573066 0.024013722037858735
0.0 -1.0 0.0 0.006617322548605349
-0.07568084367177966 0.9942559126312778 0.07568084367177966 0.01837826200284036
-0.07568084367177966 0.9942559126312778 -0.07568084367177966 0.01837826200284036
-0.07568084367177966 0.07568084367177966 0.9942559126312778 0.01837826200284036
-0.07568084367177966 0.07568084367177966 -0.9942559126312778 0.01837826200284036
-0.07568084367177966 -0.07568084367177966 0.9942559126312778 0.01837826200284036
-0.07568084367177966 -0.07568084367177966 -0.9942559126312778 0.01837826200284036
-0.07568084367177966 -0.9942559126312778 0.07568084367177966 0.01837826200284036
-0.07568084367177966 -0.9942559126312778 -0.07568084367177966 0.01837826200284036
-0.09921769636429215 0.9371809858553721 0.3344363145343453 0.028106042036615764
-0.09921769636429215 0.9371809858553721 -0.3344363145343453 0.028106042036615764
-0.09921769636429215 0.3344363145343453 0.9371809858553721 0.028106042036615764
-0.09921769636429215 0.3344363145343453 -0.9371809858553721 0.028106042036615764
-0.09921769636429215 -0.3344363145343453 0.9371809858553721 0.028106042036615764
-0.09921769636429215 -0.3344363145343453 -0.9371809858553721 0.028106042036615764
-0.09921769636429215 -0.9371809858553721 0.3344363145343453 0.028106042036615764
-0.09921769636429215 -0.9371809858553721 -0.3344363145343453 0.028106042036615764
-0.1068018260758046 0.7999278543857286 0.590515704892527 0.0315696993854906
-0.1068018260758046 0.7999278543857286 -0.590515704892527 0.0315696993854906
-0.1068018260758046 0.590515704892527 0.7999278543857286 0.0315696993854906
-0.1068018260758046 0.590515704892527 -0.7999278543857286 0.0315696993854906
-0.1068018260758046 -0.590515704892527 0.7999278543857286 0.0315696993854906
-0.1068018260758046 -0.590515704892527 -0.7999278543857286 0.0315696993854906
-0.1068018260758046 -0.7999278543857286 0.590515704892527 0.0315696993854906
-0.1068018260758046 -0.7999278543857286 -0.590515704892527 0.0315696993854906
-0.17748360546091557 0.9679871587914728 0.17748360546091557 0.025312176697596684
-0.17748360546091557 0.9679871587914728 -0.17748360546091557 0.025312176697596684
-0.17748360546091557 0.17748360546091557 0.9679871587914728 0.025312176697596684
-0.17748360546091557 0.17748360546091557 -0.9679871587914728 0.025312176697596684
-0.17748360546091557 -0.17748360546091557 0.9679871587914728 0.025312176697596684
-0.17748360546091557 -0.17748360546091557 -0.9679871587914728 0.025312176697596684
-0.17748360546091557 -0.9679871587914728 0.17748360546091557 0.025312176697596684
-0.17748360546091557 -0.9679871587914728 -0.17748360546091557 0.025312176697596684
-0.20548236964030417 0.8689460322872411 0.45023303825826244 0.030372038685967495
-0.20548236964030417 0.8689460322872411 -0.45023303825826244 0.030372038685967495
-0.20548236964030417 0.45023303825826244 0.8689460322872411 0.030372038685967495
-0.20548236964030417 0.45023303825826244 -0.8689460322872411 0.030372038685967495
-0.20548236964030417 -0.45023303825826244 0.8689460322872411 0.030372038685967495
-0.20548236964030417 -0.45023303825826244 -0.8689460322872411 0.030372038685967495
-0.20548236964030417 -0.8689460322872411 0.45023303825826244 0.030372038685967495
-0.20548236964030417 -0.8689460322872411 -0.45023303825826244 0.030372038685967495
-0.2102725228573066 0.9776428111182649 0.0 0.024013722037858735
-0.2102725228573066 0.0 0.9776428111182649 0.024013722037858735
-0.2102725228573066 0.0 -0.9776428111182649 0.024013722037858735
-0.2102725228573066 -0.9776428111182649 0.0 0.024013722037858735
-0.2126468247075513 0.6909346307509111 0.6909346307509111 0.0317979919696865
-0.2126468247075513 0.6909346307509111 -0.6909346307509111 0.0317979919696865
-0.2126468247075513 -0.6909346307509111 0.6909346307509111 0.0317979919696865
-0.2126468247075513 -0.6909346307509111 -0.6909346307509111 0.0317979919696865
-0.28612890103076366 0.9144728011208724 0.28612890103076366 0.028936516045215566
-0.28612890103076366 0.9144728011208724 -0.28612890103076366 0.028936516045215566
-0.28612890103076366 0.28612890103076366 0.9144728011208724 0.028936516045215566
-0.28612890103076366 0.28612890103076366 -0.9144728011208724 0.028936516045215566
-0.28612890103076366 -0.28612890103076366 0.9144728011208724 0.028936516045215566
-0.28612890103076366 -0.28612890103076366 -0.9144728011208724 0.028936516045215566
-0.28612890103076366 -0.9144728011208724 0.28612890103076366 0.028936516045215566
-0.28612890103076366 -0.9144728011208724 -0.28612890103076366 0.028936516045215566
-0.3104284035166539 0.77174626269159 0.5550152361076807 0.031373754481649356
-0.3104284035166539 0.77174626269159 -0.5550152361076807 0.031373754481649356
-0.3104284035166539 0.5550152361076807 0.77174626269159 0.031373754481649356
-0.3104284035166539 0.5550152361076807 -0.77174626269159 0.031373754481649356
-0.3104284035166539 -0.5550152361076807 0.77174626269159 0.031373754481649356
-0.3104284035166539 -0.5550152361076807 -0.77174626269159 0.031373754481649356
-0.3104284035166539 -0.77174626269159 0.5550152361076807 0.031373754481649356
-0.3104284035166539 -0.77174626269159 -0.5550152361076807 0.031373754481649356
-0.3344363145343453 0.9371809858553721 0.09921769636429215 0.028106042036615764
-0.3344363145343453 0.9371809858553721 -0.09921769636429215 0.028106042036615764
-0.3344363145343453 0.09921769636429215 0.9371809858553721 0.028106042036615764
-0.3344363145343453 0.09921769636429215 -0.9371809858553721 0.028106042036615764
-0.3344363145343453 -0.09921769636429215 0.9371809858553721 0.028106042036615764
-0.3344363145343453 -0.09921769636429215 -0.9371809858553721 0.028106042036615764
-0.3344363145343453 -0.9371809858553721 0.09921769636429215 0.028106042036615764
-0.3344363145343453 -0.9371809858553721 -0.09921769636429215 0.028106042036615764
-0.3927259763367999 0.8315844004192323 0.3927259763367999 0.030729468903784564
-0.3927259763367999 0.8315844004192323 -0.3927259763367999 0.030729468903784564
-0.3927259763367999 0.3927259763367999 0.8315844004192323 0.030729468903784564
-0.3927259763367999 0.3927259763367999 -0.8315844004192323 0.030729468903784564
-0.3927259763367999 -0.3927259763367999 0.8315844004192323 0.030729468903784564
-0.3927259763367999 -0.3927259763367999 -0.8315844004192323 0.030729468903784564
-0.3927259763367999 -0.8315844004192323 0.3927259763367999 0.030729468903784564
-0.3927259763367999 -0.8315844004192323 -0.3927259763367999 0.030729468903784564
-0.4077126648977694 0.6456664707424254 0.6456664707424254 0.03158264676890181
-0.4077126648977694 0.6456664707424254 -0.6456664707424254 0.03158264676890181
-0.4077126648977694 -0.6456664707424254 0.6456664707424254 0.03158264676890181
-0.4077126648977694 -0.6456664707424254 -0.6456664707424254 0.03158264676890181
-0.45023303825826244 0.8689460322872411 0.20548236964030417 0.030372038685967495
-0.45023303825826244 0.8689460322872411 -0.20548236964030417 0.030372038685967495
-0.45023303825826244 0.20548236964030417 0.8689460322872411 0.030372038685967495
-0.45023303825826244 0.20548236964030417 -0.8689460322872411 0.030372038685967495
-0.45023303825826244 -0.20548236964030417 0.8689460322872411 0.030372038685967495
-0.45023303825826244 -0.20548236964030417 -0.8689460322872411 0.030372038685967495
-0.45023303825826244 -0.8689460322872411 0.20548236964030417 0.030372038685967495
-0.45023303825826244 -0.8689460322872411 -0.20548236964030417 0.030372038685967495
-0.4715986911513159 0.8818132877794287 0.0 0.030378476831136557
-0.4715986911513159 0.0 0.8818132877794287 0.030378476831136557
-0.4715986911513159 0.0 -0.8818132877794287 0.030378476831136557
-0.4715986911513159 -0.8818132877794287 0.0 0.030378476831136557
-0.49143426377847443 0.7190165010408435 0.49143426377847443 0.031437605641422214
-0.49143426377847443 0.7190165010408435 -0.49143426377847443 0.031437605641422214
-0.49143426377847443 0.49143426377847443 0.7190165010408435 0.031437605641422214
-0.49143426377847443 0.49143426377847443 -0.7190165010408435 0.031437605641422214
-0.49143426377847443 -0.49143426377847443 0.7190165010408435 0.031437605641422214
-0.49143426377847443 -0.49143426377847443 -0.7190165010408435 0.031437605641422214
-0.49143426377847443 -0.7190165010408435 0.49143426377847443 0.031437605641422214
-0.49143426377847443 -0.7190165010408435 -0.49143426377847443 0.031437605641422214
-0.5550152361076807 0.77174626269159 0.3104284035166539 0.031373754481649356
-0.5550152361076807 0.77174626269159 -0.3104284035166539 0.031373754481649356
-0.5550152361076807 0.3104284035166539 0.77174626269159 0.031373754481649356
-0.5550152361076807 0.3104284035166539 -0.77174626269159 0.031373754481649356
-0.5550152361076807 -0.3104284035166539 0.77174626269159 0.031373754481649356
-0.5550152361076807 -0.3104284035166539 -0.77174626269159 0.031373754481649356
-0.5550152361076807 -0.77174626269159 0.3104284035166539 0.031373754481649356
-0.5550152361076807 -0.77174626269159 -0.3104284035166539 0.031373754481649356
-0.5773502691896257 0.5773502691896257 0.5773502691896257 0.03157071178714693
-0.5773502691896257 0.5773502691896257 -0.5773502691896257 0.03157071178714693
-0.5773502691896257 -0.5773502691896257 0.5773502691896257 0.03157071178714693
-0.5773502691896257 -0.5773502691896257 -0.5773502691896257 0.03157071178714693
-0.590515704892527 0.7999278543857286 0.1068018260758046 0.0315696993854906
-0.590515704892527 0.7999278543857286 -0.1068018260758046 0.0315696993854906
-0.590515704892527 0.1068018260758046 0.7999278543857286 0.0315696993854906
-0.590515704892527 0.1068018260758046 -0.7999278543857286 0.0315696993854906
-0.590515704892527 -0.1068018260758046 0.7999278543857286 0.0315696993854906
-0.590515704892527 -0.1068018260758046 -0.7999278543857286 0.0315696993854906
-0.590515704892527 -0.7999278543857286 0.1068018260758046 0.0315696993854906
-0.590515704892527 -0.7999278543857286 -0.1068018260758046 0.0315696993854906
-0.6456664707424254 0.6456664707424254 0.4077126648977694 0.03158264676890181
-0.6456664707424254 0.6456664707424254 -0.4077126648977694 0.03158264676890181
-0.6456664707424254 0.4077126648977694 0.6456664707424254 0.03158264676890181
-0.6456664707424254 0.4077126648977694 -0.6456664707424254 0.03158264676890181
-0.6456664707424254 -0.4077126648977694 0.6456664707424254 0.03158264676890181
-0.6456664707424254 -0.4077126648977694 -0.6456664707424254 0.03158264676890181
-0.6456664707424254 -0.6456664707424254 0.4077126648977694 0.03158264676890181
-0.6456664707424254 -0.6456664707424254 -0.4077126648977694 0.03158264676890181
-0.6909346307509111 0.6909346307509111 0.2126468247075513 0.0317979919696865
-0.6909346307509111 0.6909346307509111 -0.2126468247075513 0.0317979919696865
-0.6909346307509111 0.2126468247075513 0.6909346307509111 0.0317979919696865
-0.6909346307509111 0.2126468247075513 -0.6909346307509111 0.0317979919696865
-0.6909346307509111 -0.2126468247075513 0.6909346307509111 0.0317979919696865
-0.6909346307509111 -0.2126468247075513 -0.6909346307509111 0.0317979919696865
-0.6909346307509111 -0.6909346307509111 0.2126468247075513 0.0317979919696865
-0.6909346307509111 -0.6909346307509111 -0.2126468247075513 0.0317979919696865
-0.7071067811865475 0.7071067811865475 0.0 0.03202187657510165
-0.7071067811865475 0.0 0.7071067811865475 0.03202187657510165
-0.7071067811865475 0.0 -0.7071067811865475 0.03202187657510165
-0.7071067811865475 -0.7071067811865475 0.0 0.03202187657510165
-0.7190165010408435 0.49143426377847443 0.49143426377847443 0.031437605641422214
-0.7190165010408435 0.49143426377847443 -0.49143426377847443 0.031437605641422214
-0.7190165010408435 -0.49143426377847443 0.49143426377847443 0.031437605641422214
-0.7190165010408435 -0.49143426377847443 -0.49143426377847443 0.031437605641422214
-0.77174626269159 0.5550152361076807 0.3104284035166539 0.031373754481649356
-0.77174626269159 0.5550152361076807 -0.3104284035166539 0.031373754481649356
-0.77174626269159 0.3104284035166539 0.5550152361076807 0.031373754481649356
-0.77174626269159 0.3104284035166539 -0.5550152361076807 0.031373754481649356
-0.77174626269159 -0.3104284035166539 0.5550152361076807 0.031373754481649356
-0.77174626269159 -0.3104284035166539 -0.5550152361076807 0.031373754481649356
-0.77174626269159 -0.5550152361076807 0.3104284035166539 0.031373754481649356
-0.77174626269159 -0.5550152361076807 -0.3104284035166539 0.031373754481649356
-0.7999278543857286 0.590515704892527 0.1068018260758046 0.0315696993854906
-0.7999278543857286 0.590515704892527 -0.1068018260758046 0.0315696993854906
-0.7999278543857286 0.1068018260758046 0.590515704892527 0.0315696993854906
-0.7999278543857286 0.1068018260758046 -0.590515704892527 0.0315696993854906
-0.7999278543857286 -0.1068018260758046 0.590515704892527 0.0315696993854906
-0.7999278543857286 -0.1068018260758046 -0.590515704892527 0.0315696993854906
-0.7999278543857286 -0.590515704892527 0.1068018260758046 0.0315696993854906
-0.7999278543857286 -0.590515704892527 -0.1068018260758046 0.0315696993854906
-0.8315844004192323 0.3927259763367999 0.3927259763367999 0.030729468903784564
-0.8315844004192323 0.3927259763367999 -0.3927259763367999 0.030729468903784564
-0.8315844004192323 -0.3927259763367999 0.3927259763367999 0.030729468903784564
-0.8315844004192323 -0.3927259763367999 -0.3927259763367999 0.030729468903784564
-0.8689460322872411 0.45023303825826244 0.20548236964030417 0.030372038685967495
-0.8689460322872411 0.45023303825826244 -0.20548236964030417 0.030372038685967495
-0.8689460322872411 0.20548236964030417 0.45023303825826244 0.030372038685967495
-0.8689460322872411 0.20548236964030417 -0.45023303825826244 0.030372038685967495
-0.8689460322872411 -0.20548236964030417 0.45023303825826244 0.030372038685967495
-0.8689460322872411 -0.20548236964030417 -0.45023303825826244 0.030372038685967495
-0.8689460322872411 -0.45023303825826244 0.20548236964030417 0.030372038685967495
-0.8689460322872411 -0.45023303825826244 -0.20548236964030417 0.030372038685967495
-0.8818132877794287 0.4715986911513159 0.0 0.030378476831136557
-0.8818132877794287 0.0 0.4715986911513159 0.030378476831136557
-0.8818132877794287 0.0 -0.4715986911513159 0.030378476831136557
-0.8818132877794287 -0.4715986911513159 0.0 0.030378476831136557
-0.9144728011208724 0.28612890103076366 0.28612890103076366 0.028936516045215566
-0.9144728011208724 0.28612890103076366 -0.28612890103076366 0.028936516045215566
-0.9144728011208724 -0.28612890103076366 0.28612890103076366 0.028936516045215566
-0.9144728011208724 -0.28612890103076366 -0.28612890103076366 0.028936516045215566
-0.9371809858553721 0.3344363145343453 0.09921769636429215 0.028106042036615764
-0.9371809858553721 0.3344363145343453 -0.09921769636429215 0.028106042036615764
-0.9371809858553721 0.09921769636429215 0.3344363145343453 0.028106042036615764
-0.9371809858553721 0.09921769636429215 -0.3344363145343453 0.028106042036615764
-0.9371809858553721 -0.09921769636429215 0.3344363145343453 0.028106042036615764
-0.9371809858553721 -0.09921769636429215 -0.3344363145343453 0.028106042036615764
-0.9371809858553721 -0.3344363145343453 0.09921769636429215 0.028106042036615764
-0.9371809858553721 -0.3344363145343453 -0.09921769636429215 0.028106042036615764
-0.9679871587914728 0.17748360546091557 0.17748360546091557 0.025312176697596684
-0.9679871587914728 0.17748360546091557 -0.17748360546091557 0.025312176697596684
-0.9679871587914728 -0.17748360546091557 0.17748360546091557 0.025312176697596684
-0.9679871587914728 -0.17748360546091557 -0.17748360546091557 0.025312176697596684
-0.9776428111182649 0.2102725228573066 0.0 0.024013722037858735
-0.9776428111182649 0.0 0.2102725228573066 0.024013722037858735
-0.9776428111182649 0.0 -0.2102725228573066 0.024013722037858735
-0.9776428111182649 -0.2102725228573066 0.0 0.024013722037858735
-0.9942559126312778 0.07568084367177966 0.07568084367177966 0.01837826200284036
-0.9942559126312778 0.07568084367177966 -0.07568084367177966 0.01837826200284036
-0.9942559126312778 -0.07568084367177966 0.07568084367177966 0.01837826200284036
-0.9942559126312778 -0.07568084367177966 -0.07568084367177966 0.01837826200284036
-1.0 0.0 0.0 0.006617322548605349
