1.0 0.0 0.0 0.003889444129326088
0.9962781297540164 0.060950341155071475 0.060950341155071475 0.012270220422135578
0.9962781297540164 0.060950341155071475 -0.060950341155071475 0.012270220422135578
0.9962781297540164 -0.060950341155071475 0.060950341155071475 0.012270220422135578
0.9962781297540164 -0.060950341155071475 -0.060950341155071475 0.012270220422135578
0.9850133350280019 0.1724782009907723 0.0 0.01634032422273181
0.9850133350280019 0.0 0.1724782009907723 0.01634032422273181
0.9850133350280019 0.0 -0.1724782009907723 0.01634032422273181
0.9850133350280019 -0.1724782009907723 0.0 0.01634032422273181
0.9784805837626938 0.1459036449157762 0.1459036449157762 0.01740112129665315
0.9784805837626938 0.1459036449157762 -0.1459036449157762 0.01740112129665315
0.9784805837626938 -0.1459036449157762 0.1459036449157762 0.01740112129665315
0.9784805837626938 -0.1459036449157762 -0.1459036449157762 0.01740112129665315
0.9571020743100725 0.27786731905862416 0.08213021581932456 0.019543390524779703
0.9571020743100725 0.27786731905862416 -0.08213021581932456 0.019543390524779703
0.9571020743100725 0.08213021581932456 0.27786731905862416 0.019543390524779703
0.9571020743100725 0.08213021581932456 -0.27786731905862416 0.019543390524779703
0.9571020743100725 -0.08213021581932456 0.27786731905862416 0.019543390524779703
0.9571020743100725 -0.08213021581932456 -0.27786731905862416 0.019543390524779703
0.9571020743100725 -0.27786731905862416 0.08213021581932456 0.019543390524779703
0.9571020743100725 -0.27786731905862416 -0.08213021581932456 0.019543390524779703
0.9414141582204024 0.23847367014218854 0.23847367014218854 0.020322468354881443
0.9414141582204024 0.23847367014218854 -0.23847367014218854 0.020322468354881443
0.9414141582204024 -0.23847367014218854 0.23847367014218854 0.020322468354881443
0.9414141582204024 -0.23847367014218854 -0.23847367014218854 0.020322468354881443
0.9180452877114539 0.3964755348199857 0.0 0.0214275970732678
0.9180452877114539 0.0 0.3964755348199857 0.0214275970732678
0.9180452877114539 0.0 -0.3964755348199857 0.0214275970732678
0.9180452877114539 -0.3964755348199857 0.0 0.0214275970732678
0.9092134750923735 0.37910354076955627 0.17207952256568745 0.021537559233927146
0.9092134750923735 0.37910354076955627 -0.17207952256568745 0.021537559233927146
0.9092134750923735 0.17207952256568745 0.37910354076955627 0.021537559233927146
0.9092134750923735 0.17207952256568745 -0.37910354076955627 0.021537559233927146
0.9092134750923735 -0.17207952256568745 0.37910354076955627 0.021537559233927146
0.9092134750923735 -0.17207952256568745 -0.37910354076955627 0.021537559233927146
0.9092134750923735 -0.37910354076955627 0.17207952256568745 0.021537559233927146
0.9092134750923735 -0.37910354076955627 -0.17207952256568745 0.021537559233927146
0.8830787279341326 0.3317920736472121 0.3317920736472121 0.021985677897177335
0.8830787279341326 0.3317920736472121 -0.3317920736472121 0.021985677897177335
0.8830787279341326 -0.3317920736472121 0.3317920736472121 0.021985677897177335
0.8830787279341326 -0.3317920736472121 -0.3317920736472121 0.021985677897177335
0.8593798558907212 0.5033564271075114 0.0899920584207485 0.022647604818260596
0.8593798558907212 0.5033564271075114 -0.0899920584207485 0.022647604818260596
0.8593798558907212 0.0899920584207485 0.5033564271075114 0.022647604818260596
0.8593798558907212 0.0899920584207485 -0.5033564271075114 0.022647604818260596
0.8593798558907212 -0.0899920584207485 0.5033564271075114 0.022647604818260596
0.8593798558907212 -0.0899920584207485 -0.5033564271075114 0.022647604818260596
0.8593798558907212 -0.5033564271075114 0.0899920584207485 0.022647604818260596
0.8593798558907212 -0.5033564271075114 -0.0899920584207485 0.022647604818260596
0.8400474883590503 0.47423928425519757 0.2634716655937947 0.02265288026066715
0.8400474883590503 0.47423928425519757 -0.2634716655937947 0.02265288026066715
0.8400474883590503 0.2634716655937947 0.47423928425519757 0.02265288026066715
0.8400474883590503 0.2634716655937947 -0.47423928425519757 0.02265288026066715
0.8400474883590503 -0.2634716655937947 0.47423928425519757 0.02265288026066715
0.8400474883590503 -0.2634716655937947 -0.47423928425519757 0.02265288026066715
0.8400474883590503 -0.47423928425519757 0.2634716655937947 0.02265288026066715
0.8400474883590503 -0.47423928425519757 -0.2634716655937947 0.02265288026066715
0.8028368773352738 0.4215761784010965 0.4215761784010965 0.022851590316148997
0.8028368773352738 0.4215761784010965 -0.4215761784010965 0.022851590316148997
0.8028368773352738 -0.4215761784010965 0.4215761784010965 0.022851590316148997
0.8028368773352738 -0.4215761784010965 -0.4215761784010965 0.022851590316148997
0.791101929626902 0.6116843442009874 0.0 0.023337775889268907
0.791101929626902 0.0 0.6116843442009874 0.023337775889268907
0.791101929626902 0.0 -0.6116843442009874 0.023337775889268907
0.791101929626902 -0.6116843442009874 0.0 0.023337775889268907
0.7803207424799203 0.5984126497885379 0.18166408403602072 0.02324565639630704
0.7803207424799203 0.5984126497885379 -0.18166408403602072 0.02324565639630704
0.7803207424799203 0.18166408403602072 0.5984126497885379 0.02324565639630704
0.7803207424799203 0.18166408403602072 -0.5984126497885379 0.02324565639630704
0.7803207424799203 -0.18166408403602072 0.5984126497885379 0.02324565639630704
0.7803207424799203 -0.18166408403602072 -0.5984126497885379 0.02324565639630704
0.7803207424799203 -0.5984126497885379 0.18166408403602072 0.02324565639630704
0.7803207424799203 -0.5984126497885379 -0.18166408403602072 0.02324565639630704
0.7493106119041159 0.5610263808622055 0.35182809277335175 0.023158143091301125
0.7493106119041159 0.5610263808622055 -0.35182809277335175 0.023158143091301125
0.7493106119041159 0.35182809277335175 0.5610263808622055 0.023158143091301125
0.7493106119041159 0.35182809277335175 -0.5610263808622055 0.023158143091301125
0.7493106119041159 -0.35182809277335175 0.5610263808622055 0.023158143091301125
0.7493106119041159 -0.35182809277335175 -0.5610263808622055 0.023158143091301125
0.7493106119041159 -0.5610263808622055 0.35182809277335175 0.023158143091301125
0.7493106119041159 -0.5610263808622055 -0.35182809277335175 0.023158143091301125
0.7040954938227467 0.7040954938227467 0.09219040707689834 0.02352161488565563
0.7040954938227467 0.7040954938227467 -0.09219040707689834 0.02352161488565563
0.7040954938227467 0.09219040707689834 0.7040954938227467 0.02352161488565563
0.7040954938227467 0.09219040707689834 -0.7040954938227467 0.02352161488565563
0.7040954938227467 -0.09219040707689834 0.7040954938227467 0.02352161488565563
0.7040954938227467 -0.09219040707689834 -0.7040954938227467 0.02352161488565563
0.7040954938227467 -0.7040954938227467 0.09219040707689834 0.02352161488565563
0.7040954938227467 -0.7040954938227467 -0.09219040707689834 0.02352161488565563
0.7007685753735728 0.5044419707800356 0.5044419707800356 0.023206517124444128
0.7007685753735728 0.5044419707800356 -0.5044419707800356 0.023206517124444128
0.7007685753735728 -0.5044419707800356 0.5044419707800356 0.023206517124444128
0.7007685753735728 -0.5044419707800356 -0.5044419707800356 0.023206517124444128
0.6807744066455241 0.6807744066455241 0.2703560883591647 0.023358527851249082
0.6807744066455241 0.6807744066455241 -0.2703560883591647 0.023358527851249082
0.6807744066455241 0.2703560883591647 0.6807744066455241 0.023358527851249082
0.6807744066455241 0.2703560883591647 -0.6807744066455241 0.023358527851249082
0.6807744066455241 -0.2703560883591647 0.6807744066455241 0.023358527851249082
0.6807744066455241 -0.2703560883591647 -0.6807744066455241 0.023358527851249082
0.6807744066455241 -0.6807744066455241 0.2703560883591647 0.023358527851249082
0.6807744066455241 -0.6807744066455241 -0.2703560883591647 0.023358527851249082
0.6372546939258751 0.6372546939258751 0.43337386877715434 0.023273280644844904
0.6372546939258751 0.6372546939258751 -0.43337386877715434 0.023273280644844904
0.6372546939258751 0.43337386877715434 0.6372546939258751 0.023273280644844904
0.6372546939258751 0.43337386877715434 -0.6372546939258751 0.023273280644844904
0.6372546939258751 -0.43337386877715434 0.6372546939258751 0.023273280644844904
0.6372546939258751 -0.43337386877715434 -0.6372546939258751 0.023273280644844904
0.6372546939258751 -0.6372546939258751 0.43337386877715434 0.023273280644844904
0.6372546939258751 -0.6372546939258751 -0.43337386877715434 0.023273280644844904
0.6116843442009874 0.791101929626902 0.0 0.023337775889268907
0.6116843442009874 0.0 0.791101929626902 0.023337775889268907
0.6116843442009874 0.0 -0.791101929626902 0.023337775889268907
0.6116843442009874 -0.791101929626902 0.0 0.023337775889268907
0.5984126497885379 0.7803207424799203 0.18166408403602072 0.02324565639630704
0.5984126497885379 0.7803207424799203 -0.18166408403602072 0.02324565639630704
0.5984126497885379 0.18166408403602072 0.7803207424799203 0.02324565639630704
0.5984126497885379 0.18166408403602072 -0.7803207424799203 0.02324565639630704
0.5984126497885379 -0.18166408403602072 0.7803207424799203 0.02324565639630704
0.5984126497885379 -0.18166408403602072 -0.7803207424799203 0.02324565639630704
0.5984126497885379 -0.7803207424799203 0.18166408403602072 0.02324565639630704
0.5984126497885379 -0.7803207424799203 -0.18166408403602072 0.02324565639630704
0.5773502691896257 0.5773502691896257 0.5773502691896257 0.023277689811084842
0.5773502691896257 0.5773502691896257 -0.5773502691896257 0.023277689811084842
0.5773502691896257 -0.5773502691896257 0.5773502691896257 0.023277689811084842
0.5773502691896257 -0.5773502691896257 -0.5773502691896257 0.023277689811084842
0.5610263808622055 0.7493106119041159 0.35182809277335175 0.023158143091301125
0.5610263808622055 0.7493106119041159 -0.35182809277335175 0.023158143091301125
0.5610263808622055 0.35182809277335175 0.7493106119041159 0.023158143091301125
0.5610263808622055 0.35182809277335175 -0.7493106119041159 0.023158143091301125
0.5610263808622055 -0.35182809277335175 0.7493106119041159 0.023158143091301125
0.5610263808622055 -0.35182809277335175 -0.7493106119041159 0.023158143091301125
0.5610263808622055 -0.7493106119041159 0.35182809277335175 0.023158143091301125
0.5610263808622055 -0.7493106119041159 -0.35182809277335175 0.023158143091301125
0.5044419707800356 0.7007685753735728 0.5044419707800356 0.023206517124444128
0.5044419707800356 0.7007685753735728 -0.5044419707800356 0.023206517124444128
0.5044419707800356 0.5044419707800356 0.7007685753735728 0.023206517124444128
0.5044419707800356 0.5044419707800356 -0.7007685753735728 0.023206517124444128
0.5044419707800356 -0.5044419707800356 0.7007685753735728 0.023206517124444128
0.5044419707800356 -0.5044419707800356 -0.7007685753735728 0.023206517124444128
0.5044419707800356 -0.7007685753735728 0.5044419707800356 0.023206517124444128
0.5044419707800356 -0.7007685753735728 -0.5044419707800356 0.023206517124444128
0.5033564271075114 0.8593798558907212 0.0899920584207485 0.022647604818260596
0.5033564271075114 0.8593798558907212 -0.0899920584207485 0.022647604818260596
0.5033564271075114 0.0899920584207485 0.8593798558907212 0.022647604818260596
0.5033564271075114 0.0899920584207485 -0.8593798558907212 0.022647604818260596
0.5033564271075114 -0.0899920584207485 0.8593798558907212 0.022647604818260596
0.5033564271075114 -0.0899920584207485 -0.8593798558907212 0.022647604818260596
0.5033564271075114 -0.8593798558907212 0.0899920584207485 0.022647604818260596
0.5033564271075114 -0.8593798558907212 -0.0899920584207485 0.022647604818260596
0.47423928425519757 0.8400474883590503 0.2634716655937947 0.02265288026066715
0.47423928425519757 0.8400474883590503 -0.2634716655937947 0.02265288026066715
0.47423928425519757 0.2634716655937947 0.8400474883590503 0.02265288026066715
0.47423928425519757 0.2634716655937947 -0.8400474883590503 0.02265288026066715
0.47423928425519757 -0.2634716655937947 0.8400474883590503 0.02265288026066715
0.47423928425519757 -0.2634716655937947 -0.8400474883590503 0.02265288026066715
0.47423928425519757 -0.8400474883590503 0.2634716655937947 0.02265288026066715
0.47423928425519757 -0.8400474883590503 -0.2634716655937947 0.02265288026066715
0.43337386877715434 0.6372546939258751 0.6372546939258751 0.023273280644844904
0.43337386877715434 0.6372546939258751 -0.6372546939258751 0.023273280644844904
0.43337386877715434 -0.6372546939258751 0.6372546939258751 0.023273280644844904
0.43337386877715434 -0.6372546939258751 -0.6372546939258751 0.023273280644844904
0.4215761784010965 0.8028368773352738 0.4215761784010965 0.022851590316148997
0.4215761784010965 0.8028368773352738 -0.4215761784010965 0.022851590316148997
0.4215761784010965 0.4215761784010965 0.8028368773352738 0.022851590316148997
0.4215761784010965 0.4215761784010965 -0.8028368773352738 0.022851590316148997
0.4215761784010965 -0.4215761784010965 0.8028368773352738 0.022851590316148997
0.4215761784010965 -0.4215761784010965 -0.8028368773352738 0.022851590316148997
0.4215761784010965 -0.8028368773352738 0.4215761784010965 0.022851590316148997
0.4215761784010965 -0.8028368773352738 -0.4215761784010965 0.022851590316148997
0.3964755348199857 0.9180452877114539 0.0 0.0214275970732678
0.3964755348199857 0.0 0.9180452877114539 0.0214275970732678
0.3964755348199857 0.0 -0.9180452877114539 0.0214275970732678
0.3964755348199857 -0.9180452877114539 0.0 0.0214275970732678
0.37910354076955627 0.9092134750923735 0.17207952256568745 0.021537559233927146
0.37910354076955627 0.9092134750923735 -0.17207952256568745 0.021537559233927146
0.37910354076955627 0.17207952256568745 0.9092134750923735 0.021537559233927146
0.37910354076955627 0.17207952256568745 -0.9092134750923735 0.021537559233927146
0.37910354076955627 -0.17207952256568745 0.9092134750923735 0.021537559233927146
0.37910354076955627 -0.17207952256568745 -0.9092134750923735 0.021537559233927146
0.37910354076955627 -0.9092134750923735 0.17207952256568745 0.021537559233927146
0.37910354076955627 -0.9092134750923735 -0.17207952256568745 0.021537559233927146
0.35182809277335175 0.7493106119041159 0.5610263808622055 0.023158143091301125
0.35182809277335175 0.7493106119041159 -0.5610263808622055 0.023158143091301125
0.35182809277335175 0.5610263808622055 0.7493106119041159 0.023158143091301125
0.35182809277335175 0.5610263808622055 -0.7493106119041159 0.023158143091301125
0.35182809277335175 -0.5610263808622055 0.7493106119041159 0.023158143091301125
0.35182809277335175 -0.5610263808622055 -0.7493106119041159 0.023158143091301125
0.35182809277335175 -0.7493106119041159 0.5610263808622055 0.023158143091301125
0.35182809277335175 -0.7493106119041159 -0.5610263808622055 0.023158143091301125
0.3317920736472121 0.8830787279341326 0.3317920736472121 0.021985677897177335
0.3317920736472121 0.8830787279341326 -0.3317920736472121 0.021985677897177335
0.3317920736472121 0.3317920736472121 0.8830787279341326 0.021985677897177335
0.3317920736472121 0.3317920736472121 -0.8830787279341326 0.021985677897177335
0.3317920736472121 -0.3317920736472121 0.8830787279341326 0.021985677897177335
0.3317920736472121 -0.3317920736472121 -0.8830787279341326 0.021985677897177335
0.3317920736472121 -0.8830787279341326 0.3317920736472121 0.021985677897177335
0.3317920736472121 -0.8830787279341326 -0.3317920736472121 0.021985677897177335
0.27786731905862416 0.9571020743100725 0.08213021581932456 0.019543390524779703
0.27786731905862416 0.9571020743100725 -0.08213021581932456 0.019543390524779703
0.27786731905862416 0.08213021581932456 0.9571020743100725 0.019543390524779703
0.27786731905862416 0.08213021581932456 -0.9571020743100725 0.019543390524779703
0.27786731905862416 -0.08213021581932456 0.9571020743100725 0.019543390524779703
0.27786731905862416 -0.08213021581932456 -0.9571020743100725 0.019543390524779703
0.27786731905862416 -0.9571020743100725 0.08213021581932456 0.019543390524779703
0.27786731905862416 -0.9571020743100725 -0.08213021581932456 0.019543390524779703
0.2703560883591647 0.6807744066455241 0.6807744066455241 0.023358527851249082
0.2703560883591647 0.6807744066455241 -0.6807744066455241 0.023358527851249082
0.2703560883591647 -0.6807744066455241 0.6807744066455241 0.023358527851249082
0.2703560883591647 -0.6807744066455241 -0.6807744066455241 0.023358527851249082
0.2634716655937947 0.8400474883590503 0.47423928425519757 0.02265288026066715
0.2634716655937947 0.8400474883590503 -0.47423928425519757 0.02265288026066715
0.2634716655937947 0.47423928425519757 0.8400474883590503 0.02265288026066715
0.2634716655937947 0.47423928425519757 -0.8400474883590503 0.02265288026066715
0.2634716655937947 -0.47423928425519757 0.8400474883590503 0.02265288026066715
0.2634716655937947 -0.47423928425519757 -0.8400474883590503 0.02265288026066715
0.2634716655937947 -0.8400474883590503 0.47423928425519757 0.02265288026066715
0.2634716655937947 -0.8400474883590503 -0.47423928425519757 0.02265288026066715
0.23847367014218854 0.9414141582204024 0.23847367014218854 0.020322468354881443
0.23847367014218854 0.9414141582204024 -0.23847367014218854 0.020322468354881443
0.23847367014218854 0.23847367014218854 0.9414141582204024 0.020322468354881443
0.23847367014218854 0.23847367014218854 -0.9414141582204024 0.020322468354881443
0.23847367014218854 -0.23847367014218854 0.9414141582204024 0.020322468354881443
0.23847367014218854 -0.23847367014218854 -0.9414141582204024 0.020322468354881443
0.23847367014218854 -0.9414141582204024 0.23847367014218854 0.020322468354881443
0.23847367014218854 -0.9414141582204024 -0.23847367014218854 0.020322468354881443
0.18166408403602072 0.7803207424799203 0.5984126497885379 0.02324565639630704
0.18166408403602072 0.7803207424799203 -0.5984126497885379 0.02324565639630704
0.18166408403602072 0.5984126497885379 0.7803207424799203 0.02324565639630704
0.18166408403602072 0.5984126497885379 -0.7803207424799203 0.02324565639630704
0.18166408403602072 -0.5984126497885379 0.7803207424799203 0.02324565639630704
0.18166408403602072 -0.5984126497885379 -0.7803207424799203 0.02324565639630704
0.18166408403602072 -0.7803207424799203 0.5984126497885379 0.02324565639630704
0.18166408403602072 -0.7803207424799203 -0.5984126497885379 0.02324565639630704
0.1724782009907723 0.9850133350280019 0.0 0.01634032422273181
0.1724782009907723 0.0 0.9850133350280019 0.01634032422273181
0.1724782009907723 0.0 -0.9850133350280019 0.01634032422273181
0.1724782009907723 -0.9850133350280019 0.0 0.01634032422273181
0.17207952256568745 0.9092134750923735 0.37910354076955627 0.021537559233927146
0.17207952256568745 0.9092134750923735 -0.37910354076955627 0.021537559233927146
0.17207952256568745 0.37910354076955627 0.9092134750923735 0.021537559233927146
0.17207952256568745 0.37910354076955627 -0.9092134750923735 0.021537559233927146
0.17207952256568745 -0.37910354076955627 0.9092134750923735 0.021537559233927146
0.17207952256568745 -0.37910354076955627 -0.9092134750923735 0.021537559233927146
0.17207952256568745 -0.9092134750923735 0.37910354076955627 0.021537559233927146
0.17207952256568745 -0.9092134750923735 -0.37910354076955627 0.021537559233927146
0.1459036449157762 0.9784805837626938 0.1459036449157762 0.01740112129665315
0.1459036449157762 0.9784805837626938 -0.1459036449157762 0.01740112129665315
0.1459036449157762 0.1459036449157762 0.9784805837626938 0.01740112129665315
0.1459036449157762 0.1459036449157762 -0.9784805837626938 0.01740112129665315
0.1459036449157762 -0.1459036449157762 0.9784805837626938 0.01740112129665315
0.1459036449157762 -0.1459036449157762 -0.9784805837626938 0.01740112129665315
0.1459036449157762 -0.9784805837626938 0.1459036449157762 0.01740112129665315
0.1459036449157762 -0.9784805837626938 -0.1459036449157762 0.01740112129665315
0.09219040707689834 0.7040954938227467 0.7040954938227467 0.02352161488565563
0.09219040707689834 0.7040954938227467 -0.7040954938227467 0.02352161488565563
0.09219040707689834 -0.7040954938227467 0.7040954938227467 0.02352161488565563
0.09219040707689834 -0.7040954938227467 -0.7040954938227467 0.02352161488565563
0.0899920584207485 0.8593798558907212 0.5033564271075114 0.022647604818260596
0.0899920584207485 0.8593798558907212 -0.5033564271075114 0.022647604818260596
0.0899920584207485 0.5033564271075114 0.8593798558907212 0.022647604818260596
0.0899920584207485 0.5033564271075114 -0.8593798558907212 0.022647604818260596
0.0899920584207485 -0.5033564271075114 0.8593798558907212 0.022647604818260596
0.0899920584207485 -0.5033564271075114 -0.8593798558907212 0.022647604818260596
0.0899920584207485 -0.8593798558907212 0.5033564271075114 0.022647604818260596
0.0899920584207485 -0.8593798558907212 -0.5033564271075114 0.022647604818260596
0.08213021581932456 0.9571020743100725 0.27786731905862416 0.019543390524779703
0.08213021581932456 0.9571020743100725 -0.27786731905862416 0.019543390524779703
0.08213021581932456 0.27786731905862416 0.9571020743100725 0.019543390524779703
0.08213021581932456 0.27786731905862416 -0.9571020743100725 0.019543390524779703
0.08213021581932456 -0.27786731905862416 0.9571020743100725 0.019543390524779703
0.08213021581932456 -0.27786731905862416 -0.9571020743100725 0.019543390524779703
0.08213021581932456 -0.9571020743100725 0.27786731905862416 0.019543390524779703
0.08213021581932456 -0.9571020743100725 -0.27786731905862416 0.019543390524779703
0.060950341155071475 0.9962781297540164 0.060950341155071475 0.012270220422135578
0.060950341155071475 0.9962781297540164 -0.060950341155071475 0.012270220422135578
0.060950341155071475 0.060950341155071475 0.9962781297540164 0.012270220422135578
0.060950341155071475 0.060950341155071475 -0.9962781297540164 0.012270220422135578
0.060950341155071475 -0.060950341155071475 0.9962781297540164 0.012270220422135578
0.060950341155071475 -0.060950341155071475 -0.9962781297540164 0.012270220422135578
0.060950341155071475 -0.9962781297540164 0.060950341155071475 0.012270220422135578
0.060950341155071475 -0.9962781297540164 -0.060950341155071475 0.012270220422135578
0.0 1.0 0.0 0.003889444129326088
0.0 0.9850133350280019 0.1724782009907723 0.01634032422273181
0.0 0.9850133350280019 -0.1724782009907723 0.01634032422273181
0.0 0.9180452877114539 0.3964755348199857 0.0214275970732678
0.0 0.9180452877114539 -0.3964755348199857 0.0214275970732678
0.0 0.791101929626902 0.6116843442009874 0.023337775889268907
0.0 0.791101929626902 -0.6116843442009874 0.023337775889268907
0.0 0.6116843442009874 0.791101929626902 0.023337775889268907
0.0 0.6116843442009874 -0.791101929626902 0.023337775889268907
0.0 0.3964755348199857 0.9180452877114539 0.0214275970732678
0.0 0.3964755348199857 -0.9180452877114539 0.0214275970732678
0.0 0.1724782009907723 0.9850133350280019 0.01634032422273181
0.0 0.1724782009907723 -0.9850133350280019 0.01634032422273181
0.0 0.0 1.0 0.003889444129326088
0.0 0.0 -1.0 0.003889444129326088
0.0 -0.1724782009907723 0.9850133350280019 0.01634032422273181
0.0 -0.1724782009907723 -0.9850133350280019 0.01634032422273181
0.0 -0.3964755348199857 0.9180452877114539 0.0214275970732678
0.0 -0.3964755348199857 -0.9180452877114539 0.0214275970732678
0.0 -0.6116843442009874 0.791101929626902 0.023337775889268907
0.0 -0.6116843442009874 -0.791101929626902 0.023337775889268907
0.0 -0.791101929626902 0.6116843442009874 0.023337775889268907
0.0 -0.791101929626902 -0.6116843442009874 0.023337775889268907
0.0 -0.9180452877114539 0.3964755348199857 0.0214275970732678
0.0 -0.9180452877114539 -0.3964755348199857 0.0214275970732678
0.0 -0.9850133350280019 0.1724782009907723 0.01634032422273181
0.0 -0.9850133350280019 -0.1724782009907723 0.01634032422273181
0.0 -1.0 0.0 0.003889444129326088
-0.060950341155071475 0.9962781297540164 0.060950341155071475 0.012270220422135578
-0.060950341155071475 0.9962781297540164 -0.060950341155071475 0.012270220422135578
-0.060950341155071475 0.060950341155071475 0.9962781297540164 0.012270220422135578
-0.060950341155071475 0.060950341155071475 -0.9962781297540164 0.012270220422135578
-0.060950341155071475 -0.060950341155071475 0.9962781297540164 0.012270220422135578
-0.060950341155071475 -0.060950341155071475 -0.9962781297540164 0.012270220422135578
-0.060950341155071475 -0.9962781297540164 0.060950341155071475 0.012270220422135578
-0.060950341155071475 -0.9962781297540164 -0.060950341155071475 0.012270220422135578
-0.08213021581932456 0.9571020743100725 0.27786731905862416 0.019543390524779703
-0.08213021581932456 0.9571020743100725 -0.27786731905862416 0.019543390524779703
-0.08213021581932456 0.27786731905862416 0.9571020743100725 0.019543390524779703
-0.08213021581932456 0.27786731905862416 -0.9571020743100725 0.019543390524779703
-0.08213021581932456 -0.27786731905862416 0.9571020743100725 0.019543390524779703
-0.08213021581932456 -0.27786731905862416 -0.9571020743100725 0.019543390524779703
-0.08213021581932456 -0.9571020743100725 0.27786731905862416 0.019543390524779703
-0.08213021581932456 -0.9571020743100725 -0.27786731905862416 0.019543390524779703
-0.0899920584207485 0.8593798558907212 0.5033564271075114 0.022647604818260596
-0.0899920584207485 0.8593798558907212 -0.5033564271075114 0.022647604818260596
-0.0899920584207485 0.5033564271075114 0.8593798558907212 0.022647604818260596
-0.0899920584207485 0.5033564271075114 -0.8593798558907212 0.022647604818260596
-0.0899920584207485 -0.5033564271075114 0.8593798558907212 0.022647604818260596
-0.0899920584207485 -0.5033564271075114 -0.8593798558907212 0.022647604818260596
-0.0899920584207485 -0.8593798558907212 0.5033564271075114 0.022647604818260596
-0.0899920584207485 -0.8593798558907212 -0.5033564271075114 0.022647604818260596
-0.09219040707689834 0.7040954938227467 0.7040954938227467 0.02352161488565563
-0.09219040707689834 0.7040954938227467 -0.7040954938227467 0.02352161488565563
-0.09219040707689834 -0.7040954938227467 0.7040954938227467 0.02352161488565563
-0.09219040707689834 -0.7040954938227467 -0.7040954938227467 0.02352161488565563
-0.1459036449157762 0.9784805837626938 0.1459036449157762 0.01740112129665315
-0.1459036449157762 0.9784805837626938 -0.1459036449157762 0.01740112129665315
-0.1459036449157762 0.1459036449157762 0.9784805837626938 0.01740112129665315
-0.1459036449157762 0.1459036449157762 -0.9784805837626938 0.01740112129665315
-0.1459036449157762 -0.1459036449157762 0.9784805837626938 0.01740112129665315
-0.1459036449157762 -0.1459036449157762 -0.9784805837626938 0.01740112129665315
-0.1459036449157762 -0.9784805837626938 0.1459036449157762 0.01740112129665315
-0.1459036449157762 -0.9784805837626938 -0.1459036449157762 0.01740112129665315
-0.17207952256568745 0.9092134750923735 0.37910354076955627 0.021537559233927146
-0.17207952256568745 0.9092134750923735 -0.37910354076955627 0.021537559233927146
-0.17207952256568745 0.37910354076955627 0.9092134750923735 0.021537559233927146
-0.17207952256568745 0.37910354076955627 -0.9092134750923735 0.021537559233927146
-0.17207952256568745 -0.37910354076955627 0.9092134750923735 0.021537559233927146
-0.17207952256568745 -0.37910354076955627 -0.9092134750923735 0.021537559233927146
-0.17207952256568745 -0.9092134750923735 0.37910354076955627 0.021537559233927146
-0.17207952256568745 -0.9092134750923735 -0.37910354076955627 0.021537559233927146
-0.1724782009907723 0.9850133350280019 0.0 0.01634032422273181
-0.1724782009907723 0.0 0.9850133350280019 0.01634032422273181
-0.1724782009907723 0.0 -0.9850133350280019 0.01634032422273181
-0.1724782009907723 -0.9850133350280019 0.0 0.01634032422273181
-0.18166408403602072 0.7803207424799203 0.5984126497885379 0.02324565639630704
-0.18166408403602072 0.7803207424799203 -0.5984126497885379 0.02324565639630704
-0.18166408403602072 0.5984126497885379 0.7803207424799203 0.02324565639630704
-0.18166408403602072 0.5984126497885379 -0.7803207424799203 0.02324565639630704
-0.18166408403602072 -0.5984126497885379 0.7803207424799203 0.02324565639630704
-0.18166408403602072 -0.5984126497885379 -0.7803207424799203 0.02324565639630704
-0.18166408403602072 -0.7803207424799203 0.5984126497885379 0.02324565639630704
-0.18166408403602072 -0.7803207424799203 -0.5984126497885379 0.02324565639630704
-0.23847367014218854 0.9414141582204024 0.23847367014218854 0.020322468354881443
-0.23847367014218854 0.9414141582204024 -0.23847367014218854 0.020322468354881443
-0.23847367014218854 0.23847367014218854 0.9414141582204024 0.020322468354881443
-0.23847367014218854 0.23847367014218854 -0.9414141582204024 0.020322468354881443
-0.23847367014218854 -0.23847367014218854 0.9414141582204024 0.020322468354881443
-0.23847367014218854 -0.23847367014218854 -0.9414141582204024 0.020322468354881443
-0.23847367014218854 -0.9414141582204024 0.23847367014218854 0.020322468354881443
-0.23847367014218854 -0.9414141582204024 -0.23847367014218854 0.020322468354881443
-0.2634716655937947 0.8400474883590503 0.47423928425519757 0.02265288026066715
-0.2634716655937947 0.8400474883590503 -0.47423928425519757 0.02265288026066715
-0.2634716655937947 0.47423928425519757 0.8400474883590503 0.02265288026066715
-0.2634716655937947 0.47423928425519757 -0.8400474883590503 0.02265288026066715
-0.2634716655937947 -0.47423928425519757 0.8400474883590503 0.02265288026066715
-0.2634716655937947 -0.47423928425519757 -0.8400474883590503 0.02265288026066715
-0.2634716655937947 -0.8400474883590503 0.47423928425519757 0.02265288026066715
-0.2634716655937947 -0.8400474883590503 -0.47423928425519757 0.02265288026066715
-0.2703560883591647 0.6807744066455241 0.6807744066455241 0.023358527851249082
-0.2703560883591647 0.6807744066455241 -0.6807744066455241 0.023358527851249082
-0.2703560883591647 -0.6807744066455241 0.6807744066455241 0.023358527851249082
-0.2703560883591647 -0.6807744066455241 -0.6807744066455241 0.023358527851249082
-0.27786731905862416 0.9571020743100725 0.08213021581932456 0.019543390524779703
-0.27786731905862416 0.9571020743100725 -0.08213021581932456 0.019543390524779703
-0.27786731905862416 0.08213021581932456 0.9571020743100725 0.019543390524779703
-0.27786731905862416 0.08213021581932456 -0.9571020743100725 0.019543390524779703
-0.27786731905862416 -0.08213021581932456 0.9571020743100725 0.019543390524779703
-0.27786731905862416 -0.08213021581932456 -0.9571020743100725 0.019543390524779703
-0.27786731905862416 -0.9571020743100725 0.08213021581932456 0.019543390524779703
-0.27786731905862416 -0.9571020743100725 -0.08213021581932456 0.019543390524779703
-0.3317920736472121 0.8830787279341326 0.3317920736472121 0.021985677897177335
-0.3317920736472121 0.8830787279341326 -0.3317920736472121 0.021985677897177335
-0.3317920736472121 0.3317920736472121 0.8830787279341326 0.021985677897177335
-0.3317920736472121 0.3317920736472121 -0.8830787279341326 0.021985677897177335
-0.3317920736472121 -0.3317920736472121 0.8830787279341326 0.021985677897177335
-0.3317920736472121 -0.3317920736472121 -0.8830787279341326 0.021985677897177335
-0.3317920736472121 -0.8830787279341326 0.3317920736472121 0.021985677897177335
-0.3317920736472121 -0.8830787279341326 -0.3317920736472121 0.021985677897177335
-0.35182809277335175 0.7493106119041159 0.5610263808622055 0.023158143091301125
-0.35182809277335175 0.7493106119041159 -0.5610263808622055 0.023158143091301125
-0.35182809277335175 0.5610263808622055 0.7493106119041159 0.023158143091301125
-0.35182809277335175 0.5610263808622055 -0.7493106119041159 0.023158143091301125
-0.35182809277335175 -0.5610263808622055 0.7493106119041159 0.023158143091301125
-0.35182809277335175 -0.5610263808622055 -0.7493106119041159 0.023158143091301125
-0.35182809277335175 -0.7493106119041159 0.5610263808622055 0.023158143091301125
-0.35182809277335175 -0.7493106119041159 -0.5610263808622055 0.023158143091301125
-0.37910354076955627 0.9092134750923735 0.17207952256568745 0.021537559233927146
-0.37910354076955627 0.9092134750923735 -0.17207952256568745 0.021537559233927146
-0.37910354076955627 0.17207952256568745 0.9092134750923735 0.021537559233927146
-0.37910354076955627 0.17207952256568745 -0.9092134750923735 0.021537559233927146
-0.37910354076955627 -0.17207952256568745 0.9092134750923735 0.021537559233927146
-0.37910354076955627 -0.17207952256568745 -0.9092134750923735 0.021537559233927146
-0.37910354076955627 -0.9092134750923735 0.17207952256568745 0.021537559233927146
-0.37910354076955627 -0.9092134750923735 -0.17207952256568745 0.021537559233927146
-0.3964755348199857 0.9180452877114539 0.0 0.0214275970732678
-0.3964755348199857 0.0 0.9180452877114539 0.0214275970732678
-0.3964755348199857 0.0 -0.9180452877114539 0.0214275970732678
-0.3964755348199857 -0.9180452877114539 0.0 0.0214275970732678
-0.4215761784010965 0.8028368773352738 0.4215761784010965 0.022851590316148997
-0.4215761784010965 0.8028368773352738 -0.4215761784010965 0.022851590316148997
-0.4215761784010965 0.4215761784010965 0.8028368773352738 0.022851590316148997
-0.4215761784010965 0.4215761784010965 -0.8028368773352738 0.022851590316148997
-0.4215761784010965 -0.4215761784010965 0.8028368773352738 0.022851590316148997
-0.4215761784010965 -0.4215761784010965 -0.8028368773352738 0.022851590316148997
-0.4215761784010965 -0.8028368773352738 0.4215761784010965 0.022851590316148997
-0.4215761784010965 -0.8028368773352738 -0.4215761784010965 0.022851590316148997
-0.43337386877715434 0.6372546939258751 0.6372546939258751 0.023273280644844904
-0.43337386877715434 0.6372546939258751 -0.6372546939258751 0.023273280644844904
-0.43337386877715434 -0.6372546939258751 0.6372546939258751 0.023273280644844904
-0.43337386877715434 -0.6372546939258751 -0.6372546939258751 0.023273280644844904
-0.47423928425519757 0.8400474883590503 0.2634716655937947 0.02265288026066715
-0.47423928425519757 0.8400474883590503 -0.2634716655937947 0.02265288026066715
-0.47423928425519757 0.2634716655937947 0.8400474883590503 0.02265288026066715
-0.47423928425519757 0.2634716655937947 -0.8400474883590503 0.02265288026066715
-0.47423928425519757 -0.2634716655937947 0.8400474883590503 0.02265288026066715
-0.47423928425519757 -0.2634716655937947 -0.8400474883590503 0.02265288026066715
-0.47423928425519757 -0.8400474883590503 0.2634716655937947 0.02265288026066715
-0.47423928425519757 -0.8400474883590503 -0.2634716655937947 0.02265288026066715
-0.5033564271075114 0.8593798558907212 0.0899920584207485 0.022647604818260596
-0.5033564271075114 0.8593798558907212 -0.0899920584207485 0.022647604818260596
-0.5033564271075114 0.0899920584207485 0.8593798558907212 0.022647604818260596
-0.5033564271075114 0.0899920584207485 -0.8593798558907212 0.022647604818260596
-0.5033564271075114 -0.0899920584207485 0.8593798558907212 0.022647604818260596
-0.5033564271075114 -0.0899920584207485 -0.8593798558907212 0.022647604818260596
-0.5033564271075114 -0.8593798558907212 0.0899920584207485 0.022647604818260596
-0.5033564271075114 -0.8593798558907212 -0.0899920584207485 0.022647604818260596
-0.5044419707800356 0.7007685753735728 0.5044419707800356 0.023206517124444128
-0.5044419707800356 0.7007685753735728 -0.5044419707800356 0.023206517124444128
-0.5044419707800356 0.5044419707800356 0.7007685753735728 0.023206517124444128
-0.5044419707800356 0.5044419707800356 -0.7007685753735728 0.023206517124444128
-0.5044419707800356 -0.5044419707800356 0.7007685753735728 0.023206517124444128
-0.5044419707800356 -0.5044419707800356 -0.7007685753735728 0.023206517124444128
-0.5044419707800356 -0.7007685753735728 0.5044419707800356 0.023206517124444128
-0.5044419707800356 -0.7007685753735728 -0.5044419707800356 0.023206517124444128
-0.5610263808622055 0.7493106119041159 0.35182809277335175 0.023158143091301125
-0.5610263808622055 0.7493106119041159 -0.35182809277335175 0.023158143091301125
-0.5610263808622055 0.35182809277335175 0.7493106119041159 0.023158143091301125
-0.5610263808622055 0.35182809277335175 -0.7493106119041159 0.023158143091301125
-0.5610263808622055 -0.35182809277335175 0.7493106119041159 0.023158143091301125
-0.5610263808622055 -0.35182809277335175 -0.7493106119041159 0.023158143091301125
-0.5610263808622055 -0.7493106119041159 0.35182809277335175 0.023158143091301125
-0.5610263808622055 -0.7493106119041159 -0.35182809277335175 0.023158143091301125
-0.5773502691896257 0.5773502691896257 0.5773502691896257 0.023277689811084842
-0.5773502691896257 0.5773502691896257 -0.5773502691896257 0.023277689811084842
-0.5773502691896257 -0.5773502691896257 0.5773502691896257 0.023277689811084842
-0.5773502691896257 -0.5773502691896257 -0.5773502691896257 0.023277689811084842
-0.5984126497885379 0.7803207424799203 0.18166408403602072 0.02324565639630704
-0.5984126497885379 0.7803207424799203 -0.18166408403602072 0.02324565639630704
-0.5984126497885379 0.18166408403602072 0.7803207424799203 0.02324565639630704
-0.5984126497885379 0.18166408403602072 -0.7803207424799203 0.02324565639630704
-0.5984126497885379 -0.18166408403602072 0.7803207424799203 0.02324565639630704
-0.5984126497885379 -0.18166408403602072 -0.7803207424799203 0.02324565639630704
-0.5984126497885379 -0.7803207424799203 0.18166408403602072 0.02324565639630704
-0.5984126497885379 -0.7803207424799203 -0.18166408403602072 0.02324565639630704
-0.6116843442009874 0.791101929626902 0.0 0.023337775889268907
-0.6116843442009874 0.0 0.791101929626902 0.023337775889268907
-0.6116843442009874 0.0 -0.791101929626902 0.023337775889268907
-0.6116843442009874 -0.791101929626902 0.0 0.023337775889268907
-0.6372546939258751 0.6372546939258751 0.43337386877715434 0.023273280644844904
-0.6372546939258751 0.6372546939258751 -0.43337386877715434 0.023273280644844904
-0.6372546939258751 0.43337386877715434 0.6372546939258751 0.023273280644844904
-0.6372546939258751 0.43337386877715434 -0.6372546939258751 0.023273280644844904
-0.6372546939258751 -0.43337386877715434 0.6372546939258751 0.023273280644844904
-0.6372546939258751 -0.43337386877715434 -0.6372546939258751 0.023273280644844904
-0.6372546939258751 -0.6372546939258751 0.43337386877715434 0.023273280644844904
-0.6372546939258751 -0.6372546939258751 -0.43337386877715434 0.023273280644844904
-0.6807744066455241 0.6807744066455241 0.2703560883591647 0.023358527851249082
-0.6807744066455241 0.6807744066455241 -0.2703560883591647 0.023358527851249082
-0.6807744066455241 0.2703560883591647 0.6807744066455241 0.023358527851249082
-0.6807744066455241 0.2703560883591647 -0.6807744066455241 0.023358527851249082
-0.6807744066455241 -0.2703560883591647 0.6807744066455241 0.023358527851249082
-0.6807744066455241 -0.2703560883591647 -0.6807744066455241 0.023358527851249082
-0.6807744066455241 -0.6807744066455241 0.2703560883591647 0.023358527851249082
-0.6807744066455241 -0.6807744066455241 -0.2703560883591647 0.023358527851249082
-0.7007685753735728 0.5044419707800356 0.5044419707800356 0.023206517124444128
-0.7007685753735728 0.5044419707800356 -0.5044419707800356 0.023206517124444128
-0.7007685753735728 -0.5044419707800356 0.5044419707800356 0.023206517124444128
-0.7007685753735728 -0.5044419707800356 -0.5044419707800356 0.023206517124444128
-0.7040954938227467 0.7040954938227467 0.09219040707689834 0.02352161488565563
-0.7040954938227467 0.7040954938227467 -0.09219040707689834 0.02352161488565563
-0.7040954938227467 0.09219040707689834 0.7040954938227467 0.02352161488565563
-0.7040954938227467 0.09219040707689834 -0.7040954938227467 0.02352161488565563
-0.7040954938227467 -0.09219040707689834 0.7040954938227467 0.02352161488565563
-0.7040954938227467 -0.09219040707689834 -0.7040954938227467 0.02352161488565563
-0.7040954938227467 -0.7040954938227467 0.09219040707689834 0.02352161488565563
-0.7040954938227467 -0.7040954938227467 -0.09219040707689834 0.02352161488565563
-0.7493106119041159 0.5610263808622055 0.35182809277335175 0.023158143091301125
-0.7493106119041159 0.5610263808622055 -0.35182809277335175 0.023158143091301125
-0.7493106119041159 0.35182809277335175 0.5610263808622055 0.023158143091301125
-0.7493106119041159 0.35182809277335175 -0.5610263808622055 0.023158143091301125
-0.7493106119041159 -0.35182809277335175 0.5610263808622055 0.023158143091301125
-0.7493106119041159 -0.35182809277335175 -0.5610263808622055 0.023158143091301125
-0.7493106119041159 -0.5610263808622055 0.35182809277335175 0.023158143091301125
-0.7493106119041159 -0.5610263808622055 -0.35182809277335175 0.023158143091301125
-0.7803207424799203 0.5984126497885379 0.18166408403602072 0.02324565639630704
-0.7803207424799203 0.5984126497885379 -0.18166408403602072 0.02324565639630704
-0.7803207424799203 0.18166408403602072 0.5984126497885379 0.02324565639630704
-0.7803207424799203 0.18166408403602072 -0.5984126497885379 0.02324565639630704
-0.7803207424799203 -0.18166408403602072 0.5984126497885379 0.02324565639630704
-0.7803207424799203 -0.18166408403602072 -0.5984126497885379 0.02324565639630704
-0.7803207424799203 -0.5984126497885379 0.18166408403602072 0.02324565639630704
-0.7803207424799203 -0.5984126497885379 -0.18166408403602072 0.02324565639630704
-0.791101929626902 0.6116843442009874 0.0 0.023337775889268907
-0.791101929626902 0.0 0.6116843442009874 0.023337775889268907
-0.791101929626902 0.0 -0.6116843442009874 0.023337775889268907
-0.791101929626902 -0.6116843442009874 0.0 0.023337775889268907
-0.8028368773352738 0.4215761784010965 0.4215761784010965 0.022851590316148997
-0.8028368773352738 0.4215761784010965 -0.4215761784010965 0.022851590316148997
-0.8028368773352738 -0.4215761784010965 0.4215761784010965 0.022851590316148997
-0.8028368773352738 -0.4215761784010965 -0.4215761784010965 0.022851590316148997
-0.8400474883590503 0.47423928425519757 0.2634716655937947 0.02265288026066715
-0.8400474883590503 0.47423928425519757 -0.2634716655937947 0.02265288026066715
-0.8400474883590503 0.2634716655937947 0.47423928425519757 0.02265288026066715
-0.8400474883590503 0.2634716655937947 -0.47423928425519757 0.02265288026066715
-0.8400474883590503 -0.2634716655937947 0.47423928425519757 0.02265288026066715
-0.8400474883590503 -0.2634716655937947 -0.47423928425519757 0.02265288026066715
-0.8400474883590503 -0.47423928425519757 0.2634716655937947 0.02265288026066715
-0.8400474883590503 -0.47423928425519757 -0.2634716655937947 0.02265288026066715
-0.8593798558907212 0.5033564271075114 0.0899920584207485 0.022647604818260596
-0.8593798558907212 0.5033564271075114 -0.0899920584207485 0.022647604818260596
-0.8593798558907212 0.0899920584207485 0.5033564271075114 0.022647604818260596
-0.8593798558907212 0.0899920584207485 -0.5033564271075114 0.022647604818260596
-0.8593798558907212 -0.0899920584207485 0.5033564271075114 0.022647604818260596
-0.8593798558907212 -0.0899920584207485 -0.5033564271075114 0.022647604818260596
-0.8593798558907212 -0.5033564271075114 0.0899920584207485 0.022647604818260596
-0.8593798558907212 -0.5033564271075114 -0.0899920584207485 0.022647604818260596
-0.8830787279341326 0.3317920736472121 0.3317920736472121 0.021985677897177335
-0.8830787279341326 0.3317920736472121 -0.3317920736472121 0.021985677897177335
-0.8830787279341326 -0.3317920736472121 0.3317920736472121 0.021985677897177335
-0.8830787279341326 -0.3317920736472121 -0.3317920736472121 0.021985677897177335
-0.9092134750923735 0.37910354076955627 0.17207952256568745 0.021537559233927146
-0.9092134750923735 0.37910354076955627 -0.17207952256568745 0.021537559233927146
-0.9092134750923735 0.17207952256568745 0.37910354076955627 0.021537559233927146
-0.9092134750923735 0.17207952256568745 -0.37910354076955627 0.021537559233927146
-0.9092134750923735 -0.17207952256568745 0.37910354076955627 0.021537559233927146
-0.9092134750923735 -0.17207952256568745 -0.37910354076955627 0.021537559233927146
-0.9092134750923735 -0.37910354076955627 0.17207952256568745 0.021537559233927146
-0.9092134750923735 -0.37910354076955627 -0.17207952256568745 0.021537559233927146
-0.9180452877114539 0.3964755348199857 0.0 0.0214275970732678
-0.9180452877114539 0.0 0.3964755348199857 0.0214275970732678
-0.9180452877114539 0.0 -0.3964755348199857 0.0214275970732678
-0.9180452877114539 -0.3964755348199857 0.0 0.0214275970732678
-0.9414141582204024 0.23847367014218854 0.23847367014218854 0.020322468354881443
-0.9414141582204024 0.23847367014218854 -0.23847367014218854 0.020322468354881443
-0.9414141582204024 -0.23847367014218854 0.23847367014218854 0.020322468354881443
-0.9414141582204024 -0.23847367014218854 -0.23847367014218854 0.020322468354881443
-0.9571020743100725 0.27786731905862416 0.08213021581932456 0.019543390524779703
-0.9571020743100725 0.27786731905862416 -0.08213021581932456 0.019543390524779703
-0.9571020743100725 0.08213021581932456 0.27786731905862416 0.019543390524779703
-0.9571020743100725 0.08213021581932456 -0.27786731905862416 0.019543390524779703
-0.9571020743100725 -0.08213021581932456 0.27786731905862416 0.019543390524779703
-0.9571020743100725 -0.08213021581932456 -0.27786731905862416 0.019543390524779703
-0.9571020743100725 -0.27786731905862416 0.08213021581932456 0.019543390524779703
-0.9571020743100725 -0.27786731905862416 -0.08213021581932456 0.019543390524779703
-0.9784805837626938 0.1459036449157762 0.1459036449157762 0.01740112129665315
-0.9784805837626938 0.1459036449157762 -0.1459036449157762 0.01740112129665315
-0.9784805837626938 -0.1459036449157762 0.1459036449157762 0.01740112129665315
-0.9784805837626938 -0.1459036449157762 -0.1459036449157762 0.01740112129665315
-0.9850133350280019 0.1724782009907723 0.0 0.01634032422273181
-0.9850133350280019 0.0 0.1724782009907723 0.01634032422273181
-0.9850133350280019 0.0 -0.1724782009907723 0.01634032422273181
-0.9850133350280019 -0.1724782009907723 0.0 0.01634032422273181
-0.9962781297540164 0.060950341155071475 0.060950341155071475 0.012270220422135578
-0.9962781297540164 0.060950341155071475 -0.060950341155071475 0.012270220422135578
-0.9962781297540164 -0.060950341155071475 0.060950341155071475 0.012270220422135578
-0.9962781297540164 -0.060950341155071475 -0.060950341155071475 0.012270220422135578
-1.0 0.0 0.0 0.003889444129326088
