1.0 0.0 0.0 0.0027557323015896594
0.9974086776528229 0.050872044105023384 0.050872044105023384 0.008542773952204293
0.9974086776528229 0.050872044105023384 -0.050872044105023384 0.008542773952204293
0.9974086776528229 -0.050872044105023384 0.050872044105023384 0.008542773952204293
0.9974086776528229 -0.050872044105023384 -0.050872044105023384 0.008542773952204293
0.9894775374955985 0.14468656741953073 0.0 0.01162942390614478
0.9894775374955985 0.0 0.14468656741953073 0.01162942390614478
0.9894775374955985 0.0 -0.14468656741953073 0.01162942390614478
0.9894775374955985 -0.14468656741953073 0.0 0.01162942390614478
0.9847997535723012 0.12281987901788279 0.12281987901788279 0.012457274706907686
0.9847997535723012 0.12281987901788279 -0.12281987901788279 0.012457274706907686
0.9847997535723012 -0.12281987901788279 0.12281987901788279 0.012457274706907686
0.9847997535723012 -0.12281987901788279 -0.12281987901788279 0.012457274706907686
0.969385863498432 0.23551878942423196 0.0694402439334939 0.014163419279050904
0.969385863498432 0.23551878942423196 -0.0694402439334939 0.014163419279050904
0.969385863498432 0.0694402439334939 0.23551878942423196 0.014163419279050904
0.969385863498432 0.0694402439334939 -0.23551878942423196 0.014163419279050904
0.969385863498432 -0.0694402439334939 0.23551878942423196 0.014163419279050904
0.969385863498432 -0.0694402439334939 -0.23551878942423196 0.014163419279050904
0.969385863498432 -0.23551878942423196 0.0694402439334939 0.014163419279050904
0.969385863498432 -0.23551878942423196 -0.0694402439334939 0.014163419279050904
0.9580366759833914 0.2026890814408781 0.2026890814408781 0.014830929034451082
0.9580366759833914 0.2026890814408781 -0.2026890814408781 0.014830929034451082
0.9580366759833914 -0.2026890814408781 0.2026890814408781 0.014830929034451082
0.9580366759833914 -0.2026890814408781 -0.2026890814408781 0.014830929034451082
0.9407768787937587 0.33902634754112154 0.0 0.01571097913474314
0.9407768787937587 0.0 0.33902634754112154 0.01571097913474314
0.9407768787937587 0.0 -0.33902634754112154 0.01571097913474314
0.9407768787937587 -0.33902634754112154 0.0 0.01571097913474314
0.934414827052402 0.32452843457173935 0.14679995278965688 0.015852769844661403
0.934414827052402 0.32452843457173935 -0.14679995278965688 0.015852769844661403
0.934414827052402 0.14679995278965688 0.32452843457173935 0.015852769844661403
0.934414827052402 0.14679995278965688 -0.32452843457173935 0.015852769844661403
0.934414827052402 -0.14679995278965688 0.32452843457173935 0.015852769844661403
0.934414827052402 -0.14679995278965688 -0.32452843457173935 0.015852769844661403
0.934414827052402 -0.32452843457173935 0.14679995278965688 0.015852769844661403
0.934414827052402 -0.32452843457173935 -0.14679995278965688 0.015852769844661403
0.9153179504831547 0.28477451564642914 0.28477451564642914 0.016293551138180474
0.9153179504831547 0.28477451564642914 -0.28477451564642914 0.016293551138180474
0.9153179504831547 -0.28477451564642914 0.28477451564642914 0.016293551138180474
0.9153179504831547 -0.28477451564642914 -0.28477451564642914 0.016293551138180474
0.8972853361328333 0.43465755161411584 0.07714815866765704 0.016818411775086785
0.8972853361328333 0.43465755161411584 -0.07714815866765704 0.016818411775086785
0.8972853361328333 0.07714815866765704 0.43465755161411584 0.016818411775086785
0.8972853361328333 0.07714815866765704 -0.43465755161411584 0.016818411775086785
0.8972853361328333 -0.07714815866765704 0.43465755161411584 0.016818411775086785
0.8972853361328333 -0.07714815866765704 -0.43465755161411584 0.016818411775086785
0.8972853361328333 -0.43465755161411584 0.07714815866765704 0.016818411775086785
0.8972853361328333 -0.43465755161411584 -0.07714815866765704 0.016818411775086785
0.8833103605221126 0.4102182474045729 0.22690041095294575 0.01691124051527533
0.8833103605221126 0.4102182474045729 -0.22690041095294575 0.01691124051527533
0.8833103605221126 0.22690041095294575 0.4102182474045729 0.01691124051527533
0.8833103605221126 0.22690041095294575 -0.4102182474045729 0.01691124051527533
0.8833103605221126 -0.22690041095294575 0.4102182474045729 0.01691124051527533
0.8833103605221126 -0.22690041095294575 -0.4102182474045729 0.01691124051527533
0.8833103605221126 -0.4102182474045729 0.22690041095294575 0.01691124051527533
0.8833103605221126 -0.4102182474045729 -0.22690041095294575 0.01691124051527533
0.8559019286978865 0.3656719078978025 0.3656719078978025 0.017164046568624036
0.8559019286978865 0.3656719078978025 -0.3656719078978025 0.017164046568624036
0.8559019286978865 -0.3656719078978025 0.3656719078978025 0.017164046568624036
0.8559019286978865 -0.3656719078978025 -0.3656719078978025 0.017164046568624036
0.8457493051936533 0.5335804651263504 0.0 0.01752211795927569
0.8457493051936533 0.0 0.5335804651263504 0.01752211795927569
0.8457493051936533 0.0 -0.5335804651263504 0.01752211795927569
0.8457493051936533 -0.5335804651263504 0.0 0.01752211795927569
0.8380641334583122 0.5224482189696628 0.1571507769824725 0.017499263032615325
0.8380641334583122 0.5224482189696628 -0.1571507769824725 0.017499263032615325
0.8380641334583122 0.1571507769824725 0.5224482189696628 0.017499263032615325
0.8380641334583122 0.1571507769824725 -0.5224482189696628 0.017499263032615325
0.8380641334583122 -0.1571507769824725 0.5224482189696628 0.017499263032615325
0.8380641334583122 -0.1571507769824725 -0.5224482189696628 0.017499263032615325
0.8380641334583122 -0.5224482189696628 0.1571507769824725 0.017499263032615325
0.8380641334583122 -0.5224482189696628 -0.1571507769824725 0.017499263032615325
0.8156092232039753 0.4908826589037611 0.3062936666210727 0.017513761565938715
0.8156092232039753 0.4908826589037611 -0.3062936666210727 0.017513761565938715
0.8156092232039753 0.3062936666210727 0.4908826589037611 0.017513761565938715
0.8156092232039753 0.3062936666210727 -0.4908826589037611 0.017513761565938715
0.8156092232039753 -0.3062936666210727 0.4908826589037611 0.017513761565938715
0.8156092232039753 -0.3062936666210727 -0.4908826589037611 0.017513761565938715
0.8156092232039753 -0.4908826589037611 0.3062936666210727 0.017513761565938715
0.8156092232039753 -0.4908826589037611 -0.3062936666210727 0.017513761565938715
0.7796213195276349 0.4428264886713468 0.4428264886713468 0.017630474775325335
0.7796213195276349 0.4428264886713468 -0.4428264886713468 0.017630474775325335
0.7796213195276349 -0.4428264886713468 0.4428264886713468 0.017630474775325335
0.7796213195276349 -0.4428264886713468 -0.4428264886713468 0.017630474775325335
0.7793481057026608 0.6214302417481602 0.08025574607775307 0.017906541331791828
0.7793481057026608 0.6214302417481602 -0.08025574607775307 0.017906541331791828
0.7793481057026608 0.08025574607775307 0.6214302417481602 0.017906541331791828
0.7793481057026608 0.08025574607775307 -0.6214302417481602 0.017906541331791828
0.7793481057026608 -0.08025574607775307 0.6214302417481602 0.017906541331791828
0.7793481057026608 -0.08025574607775307 -0.6214302417481602 0.017906541331791828
0.7793481057026608 -0.6214302417481602 0.08025574607775307 0.017906541331791828
0.7793481057026608 -0.6214302417481602 -0.08025574607775307 0.017906541331791828
0.7628406246046694 0.6017546634089557 0.23657029931572443 0.017828685057665012
0.7628406246046694 0.6017546634089557 -0.23657029931572443 0.017828685057665012
0.7628406246046694 0.23657029931572443 0.6017546634089557 0.017828685057665012
0.7628406246046694 0.23657029931572443 -0.6017546634089557 0.017828685057665012
0.7628406246046694 -0.23657029931572443 0.6017546634089557 0.017828685057665012
0.7628406246046694 -0.23657029931572443 -0.6017546634089557 0.017828685057665012
0.7628406246046694 -0.6017546634089557 0.23657029931572443 0.017828685057665012
0.7628406246046694 -0.6017546634089557 -0.23657029931572443 0.017828685057665012
0.7313007936597655 0.5648768149099498 0.3822477379524785 0.017792909600670804
0.7313007936597655 0.5648768149099498 -0.3822477379524785 0.017792909600670804
0.7313007936597655 0.3822477379524785 0.5648768149099498 0.017792909600670804
0.7313007936597655 0.3822477379524785 -0.5648768149099498 0.017792909600670804
0.7313007936597655 -0.3822477379524785 0.5648768149099498 0.017792909600670804
0.7313007936597655 -0.3822477379524785 -0.5648768149099498 0.017792909600670804
0.7313007936597655 -0.5648768149099498 0.3822477379524785 0.017792909600670804
0.7313007936597655 -0.5648768149099498 -0.3822477379524785 0.017792909600670804
0.7071067811865475 0.7071067811865475 0.0 0.01805075719815513
0.7071067811865475 0.0 0.7071067811865475 0.01805075719815513
0.7071067811865475 0.0 -0.7071067811865475 0.01805075719815513
0.7071067811865475 -0.7071067811865475 0.0 0.01805075719815513
0.6979792685336879 0.6979792685336879 0.1601558034988287 0.017989438648505277
0.6979792685336879 0.6979792685336879 -0.1601558034988287 0.017989438648505277
0.6979792685336879 0.1601558034988287 0.6979792685336879 0.017989438648505277
0.6979792685336879 0.1601558034988287 -0.6979792685336879 0.017989438648505277
0.6979792685336879 -0.1601558034988287 0.6979792685336879 0.017989438648505277
0.6979792685336879 -0.1601558034988287 -0.6979792685336879 0.017989438648505277
0.6979792685336879 -0.6979792685336879 0.1601558034988287 0.017989438648505277
0.6979792685336879 -0.6979792685336879 -0.1601558034988287 0.017989438648505277
0.6866444472641542 0.5140619627249733 0.5140619627249733 0.01782722592256378
0.6866444472641542 0.5140619627249733 -0.5140619627249733 0.01782722592256378
0.6866444472641542 -0.5140619627249733 0.5140619627249733 0.01782722592256378
0.6866444472641542 -0.5140619627249733 -0.5140619627249733 0.01782722592256378
0.6716883332022611 0.6716883332022611 0.3125213050016529 0.017894467464561133
0.6716883332022611 0.6716883332022611 -0.3125213050016529 0.017894467464561133
0.6716883332022611 0.3125213050016529 0.6716883332022611 0.017894467464561133
0.6716883332022611 0.3125213050016529 -0.6716883332022611 0.017894467464561133
0.6716883332022611 -0.3125213050016529 0.6716883332022611 0.017894467464561133
0.6716883332022611 -0.3125213050016529 -0.6716883332022611 0.017894467464561133
0.6716883332022611 -0.6716883332022611 0.3125213050016529 0.017894467464561133
0.6716883332022611 -0.6716883332022611 -0.3125213050016529 0.017894467464561133
0.6306401219166802 0.6306401219166802 0.45231192031365797 0.017861546920742558
0.6306401219166802 0.6306401219166802 -0.45231192031365797 0.017861546920742558
0.6306401219166802 0.45231192031365797 0.6306401219166802 0.017861546920742558
0.6306401219166802 0.45231192031365797 -0.6306401219166802 0.017861546920742558
0.6306401219166802 -0.45231192031365797 0.6306401219166802 0.017861546920742558
0.6306401219166802 -0.45231192031365797 -0.6306401219166802 0.017861546920742558
0.6306401219166802 -0.6306401219166802 0.45231192031365797 0.017861546920742558
0.6306401219166802 -0.6306401219166802 -0.45231192031365797 0.017861546920742558
0.6214302417481602 0.7793481057026608 0.08025574607775307 0.017906541331791828
0.6214302417481602 0.7793481057026608 -0.08025574607775307 0.017906541331791828
0.6214302417481602 0.08025574607775307 0.7793481057026608 0.017906541331791828
0.6214302417481602 0.08025574607775307 -0.7793481057026608 0.017906541331791828
0.6214302417481602 -0.08025574607775307 0.7793481057026608 0.017906541331791828
0.6214302417481602 -0.08025574607775307 -0.7793481057026608 0.017906541331791828
0.6214302417481602 -0.7793481057026608 0.08025574607775307 0.017906541331791828
0.6214302417481602 -0.7793481057026608 -0.08025574607775307 0.017906541331791828
0.6017546634089557 0.7628406246046694 0.23657029931572443 0.017828685057665012
0.6017546634089557 0.7628406246046694 -0.23657029931572443 0.017828685057665012
0.6017546634089557 0.23657029931572443 0.7628406246046694 0.017828685057665012
0.6017546634089557 0.23657029931572443 -0.7628406246046694 0.017828685057665012
0.6017546634089557 -0.23657029931572443 0.7628406246046694 0.017828685057665012
0.6017546634089557 -0.23657029931572443 -0.7628406246046694 0.017828685057665012
0.6017546634089557 -0.7628406246046694 0.23657029931572443 0.017828685057665012
0.6017546634089557 -0.7628406246046694 -0.23657029931572443 0.017828685057665012
0.5773502691896257 0.5773502691896257 0.5773502691896257 0.017868629358435674
0.5773502691896257 0.5773502691896257 -0.5773502691896257 0.017868629358435674
0.5773502691896257 -0.5773502691896257 0.5773502691896257 0.017868629358435674
0.5773502691896257 -0.5773502691896257 -0.5773502691896257 0.017868629358435674
0.5648768149099498 0.7313007936597655 0.3822477379524785 0.017792909600670804
0.5648768149099498 0.7313007936597655 -0.3822477379524785 0.017792909600670804
0.5648768149099498 0.3822477379524785 0.7313007936597655 0.017792909600670804
0.5648768149099498 0.3822477379524785 -0.7313007936597655 0.017792909600670804
0.5648768149099498 -0.3822477379524785 0.7313007936597655 0.017792909600670804
0.5648768149099498 -0.3822477379524785 -0.7313007936597655 0.017792909600670804
0.5648768149099498 -0.7313007936597655 0.3822477379524785 0.017792909600670804
0.5648768149099498 -0.7313007936597655 -0.3822477379524785 0.017792909600670804
0.5335804651263504 0.8457493051936533 0.0 0.01752211795927569
0.5335804651263504 0.0 0.8457493051936533 0.01752211795927569
0.5335804651263504 0.0 -0.8457493051936533 0.01752211795927569
0.5335804651263504 -0.8457493051936533 0.0 0.01752211795927569
0.5224482189696628 0.8380641334583122 0.1571507769824725 0.017499263032615325
0.5224482189696628 0.8380641334583122 -0.1571507769824725 0.017499263032615325
0.5224482189696628 0.1571507769824725 0.8380641334583122 0.017499263032615325
0.5224482189696628 0.1571507769824725 -0.8380641334583122 0.017499263032615325
0.5224482189696628 -0.1571507769824725 0.8380641334583122 0.017499263032615325
0.5224482189696628 -0.1571507769824725 -0.8380641334583122 0.017499263032615325
0.5224482189696628 -0.8380641334583122 0.1571507769824725 0.017499263032615325
0.5224482189696628 -0.8380641334583122 -0.1571507769824725 0.017499263032615325
0.5140619627249733 0.6866444472641542 0.5140619627249733 0.01782722592256378
0.5140619627249733 0.6866444472641542 -0.5140619627249733 0.01782722592256378
0.5140619627249733 0.5140619627249733 0.6866444472641542 0.01782722592256378
0.5140619627249733 0.5140619627249733 -0.6866444472641542 0.01782722592256378
0.5140619627249733 -0.5140619627249733 0.6866444472641542 0.01782722592256378
0.5140619627249733 -0.5140619627249733 -0.6866444472641542 0.01782722592256378
0.5140619627249733 -0.6866444472641542 0.5140619627249733 0.01782722592256378
0.5140619627249733 -0.6866444472641542 -0.5140619627249733 0.01782722592256378
0.4908826589037611 0.8156092232039753 0.3062936666210727 0.017513761565938715
0.4908826589037611 0.8156092232039753 -0.3062936666210727 0.017513761565938715
0.4908826589037611 0.3062936666210727 0.8156092232039753 0.017513761565938715
0.4908826589037611 0.3062936666210727 -0.8156092232039753 0.017513761565938715
0.4908826589037611 -0.3062936666210727 0.8156092232039753 0.017513761565938715
0.4908826589037611 -0.3062936666210727 -0.8156092232039753 0.017513761565938715
0.4908826589037611 -0.8156092232039753 0.3062936666210727 0.017513761565938715
0.4908826589037611 -0.8156092232039753 -0.3062936666210727 0.017513761565938715
0.45231192031365797 0.6306401219166802 0.6306401219166802 0.017861546920742558
0.45231192031365797 0.6306401219166802 -0.6306401219166802 0.017861546920742558
0.45231192031365797 -0.6306401219166802 0.6306401219166802 0.017861546920742558
0.45231192031365797 -0.6306401219166802 -0.6306401219166802 0.017861546920742558
0.4428264886713468 0.7796213195276349 0.4428264886713468 0.017630474775325335
0.4428264886713468 0.7796213195276349 -0.4428264886713468 0.017630474775325335
0.4428264886713468 0.4428264886713468 0.7796213195276349 0.017630474775325335
0.4428264886713468 0.4428264886713468 -0.7796213195276349 0.017630474775325335
0.4428264886713468 -0.4428264886713468 0.7796213195276349 0.017630474775325335
0.4428264886713468 -0.4428264886713468 -0.7796213195276349 0.017630474775325335
0.4428264886713468 -0.7796213195276349 0.4428264886713468 0.017630474775325335
0.4428264886713468 -0.7796213195276349 -0.4428264886713468 0.017630474775325335
0.43465755161411584 0.8972853361328333 0.07714815866765704 0.016818411775086785
0.43465755161411584 0.8972853361328333 -0.07714815866765704 0.016818411775086785
0.43465755161411584 0.07714815866765704 0.8972853361328333 0.016818411775086785
0.43465755161411584 0.07714815866765704 -0.8972853361328333 0.016818411775086785
0.43465755161411584 -0.07714815866765704 0.8972853361328333 0.016818411775086785
0.43465755161411584 -0.07714815866765704 -0.8972853361328333 0.016818411775086785
0.43465755161411584 -0.8972853361328333 0.07714815866765704 0.016818411775086785
0.43465755161411584 -0.8972853361328333 -0.07714815866765704 0.016818411775086785
0.4102182474045729 0.8833103605221126 0.22690041095294575 0.01691124051527533
0.4102182474045729 0.8833103605221126 -0.22690041095294575 0.01691124051527533
0.4102182474045729 0.22690041095294575 0.8833103605221126 0.01691124051527533
0.4102182474045729 0.22690041095294575 -0.8833103605221126 0.01691124051527533
0.4102182474045729 -0.22690041095294575 0.8833103605221126 0.01691124051527533
0.4102182474045729 -0.22690041095294575 -0.8833103605221126 0.01691124051527533
0.4102182474045729 -0.8833103605221126 0.22690041095294575 0.01691124051527533
0.4102182474045729 -0.8833103605221126 -0.22690041095294575 0.01691124051527533
0.3822477379524785 0.7313007936597655 0.5648768149099498 0.017792909600670804
0.3822477379524785 0.7313007936597655 -0.5648768149099498 0.017792909600670804
0.3822477379524785 0.5648768149099498 0.7313007936597655 0.017792909600670804
0.3822477379524785 0.5648768149099498 -0.7313007936597655 0.017792909600670804
0.3822477379524785 -0.5648768149099498 0.7313007936597655 0.017792909600670804
0.3822477379524785 -0.5648768149099498 -0.7313007936597655 0.017792909600670804
0.3822477379524785 -0.7313007936597655 0.5648768149099498 0.017792909600670804
0.3822477379524785 -0.7313007936597655 -0.5648768149099498 0.017792909600670804
0.3656719078978025 0.8559019286978865 0.3656719078978025 0.017164046568624036
0.3656719078978025 0.8559019286978865 -0.3656719078978025 0.017164046568624036
0.3656719078978025 0.3656719078978025 0.8559019286978865 0.017164046568624036
0.3656719078978025 0.3656719078978025 -0.8559019286978865 0.017164046568624036
0.3656719078978025 -0.3656719078978025 0.8559019286978865 0.017164046568624036
0.3656719078978025 -0.3656719078978025 -0.8559019286978865 0.017164046568624036
0.3656719078978025 -0.8559019286978865 0.3656719078978025 0.017164046568624036
0.3656719078978025 -0.8559019286978865 -0.3656719078978025 0.017164046568624036
0.33902634754112154 0.9407768787937587 0.0 0.01571097913474314
0.33902634754112154 0.0 0.9407768787937587 0.01571097913474314
0.33902634754112154 0.0 -0.9407768787937587 0.01571097913474314
0.33902634754112154 -0.9407768787937587 0.0 0.01571097913474314
0.32452843457173935 0.934414827052402 0.14679995278965688 0.015852769844661403
0.32452843457173935 0.934414827052402 -0.14679995278965688 0.015852769844661403
0.32452843457173935 0.14679995278965688 0.934414827052402 0.015852769844661403
0.32452843457173935 0.14679995278965688 -0.934414827052402 0.015852769844661403
0.32452843457173935 -0.14679995278965688 0.934414827052402 0.015852769844661403
0.32452843457173935 -0.14679995278965688 -0.934414827052402 0.015852769844661403
0.32452843457173935 -0.934414827052402 0.14679995278965688 0.015852769844661403
0.32452843457173935 -0.934414827052402 -0.14679995278965688 0.015852769844661403
0.3125213050016529 0.6716883332022611 0.6716883332022611 0.017894467464561133
0.3125213050016529 0.6716883332022611 -0.6716883332022611 0.017894467464561133
0.3125213050016529 -0.6716883332022611 0.6716883332022611 0.017894467464561133
0.3125213050016529 -0.6716883332022611 -0.6716883332022611 0.017894467464561133
0.3062936666210727 0.8156092232039753 0.4908826589037611 0.017513761565938715
0.3062936666210727 0.8156092232039753 -0.4908826589037611 0.017513761565938715
0.3062936666210727 0.4908826589037611 0.8156092232039753 0.017513761565938715
0.3062936666210727 0.4908826589037611 -0.8156092232039753 0.017513761565938715
0.3062936666210727 -0.4908826589037611 0.8156092232039753 0.017513761565938715
0.3062936666210727 -0.4908826589037611 -0.8156092232039753 0.017513761565938715
0.3062936666210727 -0.8156092232039753 0.4908826589037611 0.017513761565938715
0.3062936666210727 -0.8156092232039753 -0.4908826589037611 0.017513761565938715
0.28477451564642914 0.9153179504831547 0.28477451564642914 0.016293551138180474
0.28477451564642914 0.9153179504831547 -0.28477451564642914 0.016293551138180474
0.28477451564642914 0.28477451564642914 0.9153179504831547 0.016293551138180474
0.28477451564642914 0.28477451564642914 -0.9153179504831547 0.016293551138180474
0.28477451564642914 -0.28477451564642914 0.9153179504831547 0.016293551138180474
0.28477451564642914 -0.28477451564642914 -0.9153179504831547 0.016293551138180474
0.28477451564642914 -0.9153179504831547 0.28477451564642914 0.016293551138180474
0.28477451564642914 -0.9153179504831547 -0.28477451564642914 0.016293551138180474
0.23657029931572443 0.7628406246046694 0.6017546634089557 0.017828685057665012
0.23657029931572443 0.7628406246046694 -0.6017546634089557 0.017828685057665012
0.23657029931572443 0.6017546634089557 0.7628406246046694 0.017828685057665012
0.23657029931572443 0.6017546634089557 -0.7628406246046694 0.017828685057665012
0.23657029931572443 -0.6017546634089557 0.7628406246046694 0.017828685057665012
0.23657029931572443 -0.6017546634089557 -0.7628406246046694 0.017828685057665012
0.23657029931572443 -0.7628406246046694 0.6017546634089557 0.017828685057665012
0.23657029931572443 -0.7628406246046694 -0.6017546634089557 0.017828685057665012
0.23551878942423196 0.969385863498432 0.0694402439334939 0.014163419279050904
0.23551878942423196 0.969385863498432 -0.0694402439334939 0.014163419279050904
0.23551878942423196 0.0694402439334939 0.969385863498432 0.014163419279050904
0.23551878942423196 0.0694402439334939 -0.969385863498432 0.014163419279050904
0.23551878942423196 -0.0694402439334939 0.969385863498432 0.014163419279050904
0.23551878942423196 -0.0694402439334939 -0.969385863498432 0.014163419279050904
0.23551878942423196 -0.969385863498432 0.0694402439334939 0.014163419279050904
0.23551878942423196 -0.969385863498432 -0.0694402439334939 0.014163419279050904
0.22690041095294575 0.8833103605221126 0.4102182474045729 0.01691124051527533
0.22690041095294575 0.8833103605221126 -0.4102182474045729 0.01691124051527533
0.22690041095294575 0.4102182474045729 0.8833103605221126 0.01691124051527533
0.22690041095294575 0.4102182474045729 -0.8833103605221126 0.01691124051527533
0.22690041095294575 -0.4102182474045729 0.8833103605221126 0.01691124051527533
0.22690041095294575 -0.4102182474045729 -0.8833103605221126 0.01691124051527533
0.22690041095294575 -0.8833103605221126 0.4102182474045729 0.01691124051527533
0.22690041095294575 -0.8833103605221126 -0.4102182474045729 0.01691124051527533
0.2026890814408781 0.9580366759833914 0.2026890814408781 0.014830929034451082
0.2026890814408781 0.9580366759833914 -0.2026890814408781 0.014830929034451082
0.2026890814408781 0.2026890814408781 0.9580366759833914 0.014830929034451082
0.2026890814408781 0.2026890814408781 -0.9580366759833914 0.014830929034451082
0.2026890814408781 -0.2026890814408781 0.9580366759833914 0.014830929034451082
0.2026890814408781 -0.2026890814408781 -0.9580366759833914 0.014830929034451082
0.2026890814408781 -0.9580366759833914 0.2026890814408781 0.014830929034451082
0.2026890814408781 -0.9580366759833914 -0.2026890814408781 0.014830929034451082
0.1601558034988287 0.6979792685336879 0.6979792685336879 0.017989438648505277
0.1601558034988287 0.6979792685336879 -0.6979792685336879 0.017989438648505277
0.1601558034988287 -0.6979792685336879 0.6979792685336879 0.017989438648505277
0.1601558034988287 -0.6979792685336879 -0.6979792685336879 0.017989438648505277
0.1571507769824725 0.8380641334583122 0.5224482189696628 0.017499263032615325
0.1571507769824725 0.8380641334583122 -0.5224482189696628 0.017499263032615325
0.1571507769824725 0.5224482189696628 0.8380641334583122 0.017499263032615325
0.1571507769824725 0.5224482189696628 -0.8380641334583122 0.017499263032615325
0.1571507769824725 -0.5224482189696628 0.8380641334583122 0.017499263032615325
0.1571507769824725 -0.5224482189696628 -0.8380641334583122 0.017499263032615325
0.1571507769824725 -0.8380641334583122 0.5224482189696628 0.017499263032615325
0.1571507769824725 -0.8380641334583122 -0.5224482189696628 0.017499263032615325
0.14679995278965688 0.934414827052402 0.32452843457173935 0.015852769844661403
0.14679995278965688 0.934414827052402 -0.32452843457173935 0.015852769844661403
0.14679995278965688 0.32452843457173935 0.934414827052402 0.015852769844661403
0.14679995278965688 0.32452843457173935 -0.934414827052402 0.015852769844661403
0.14679995278965688 -0.32452843457173935 0.934414827052402 0.015852769844661403
0.14679995278965688 -0.32452843457173935 -0.934414827052402 0.015852769844661403
0.14679995278965688 -0.934414827052402 0.32452843457173935 0.015852769844661403
0.14679995278965688 -0.934414827052402 -0.32452843457173935 0.015852769844661403
0.14468656741953073 0.9894775374955985 0.0 0.01162942390614478
0.14468656741953073 0.0 0.9894775374955985 0.01162942390614478
0.14468656741953073 0.0 -0.9894775374955985 0.01162942390614478
0.14468656741953073 -0.9894775374955985 0.0 0.01162942390614478
0.12281987901788279 0.9847997535723012 0.12281987901788279 0.012457274706907686
0.12281987901788279 0.9847997535723012 -0.12281987901788279 0.012457274706907686
0.12281987901788279 0.12281987901788279 0.9847997535723012 0.012457274706907686
0.12281987901788279 0.12281987901788279 -0.9847997535723012 0.012457274706907686
0.12281987901788279 -0.12281987901788279 0.9847997535723012 0.012457274706907686
0.12281987901788279 -0.12281987901788279 -0.9847997535723012 0.012457274706907686
0.12281987901788279 -0.9847997535723012 0.12281987901788279 0.012457274706907686
0.12281987901788279 -0.9847997535723012 -0.12281987901788279 0.012457274706907686
0.08025574607775307 0.7793481057026608 0.6214302417481602 0.017906541331791828
0.08025574607775307 0.7793481057026608 -0.6214302417481602 0.017906541331791828
0.08025574607775307 0.6214302417481602 0.7793481057026608 0.017906541331791828
0.08025574607775307 0.6214302417481602 -0.7793481057026608 0.017906541331791828
0.08025574607775307 -0.6214302417481602 0.7793481057026608 0.017906541331791828
0.08025574607775307 -0.6214302417481602 -0.7793481057026608 0.017906541331791828
0.08025574607775307 -0.7793481057026608 0.6214302417481602 0.017906541331791828
0.08025574607775307 -0.7793481057026608 -0.6214302417481602 0.017906541331791828
0.07714815866765704 0.8972853361328333 0.43465755161411584 0.016818411775086785
0.07714815866765704 0.8972853361328333 -0.43465755161411584 0.016818411775086785
0.07714815866765704 0.43465755161411584 0.8972853361328333 0.016818411775086785
0.07714815866765704 0.43465755161411584 -0.8972853361328333 0.016818411775086785
0.07714815866765704 -0.43465755161411584 0.8972853361328333 0.016818411775086785
0.07714815866765704 -0.43465755161411584 -0.8972853361328333 0.016818411775086785
0.07714815866765704 -0.8972853361328333 0.43465755161411584 0.016818411775086785
0.07714815866765704 -0.8972853361328333 -0.43465755161411584 0.016818411775086785
0.0694402439334939 0.969385863498432 0.23551878942423196 0.014163419279050904
0.0694402439334939 0.969385863498432 -0.23551878942423196 0.014163419279050904
0.0694402439334939 0.23551878942423196 0.969385863498432 0.014163419279050904
0.0694402439334939 0.23551878942423196 -0.969385863498432 0.014163419279050904
0.0694402439334939 -0.23551878942423196 0.969385863498432 0.014163419279050904
0.0694402439334939 -0.23551878942423196 -0.969385863498432 0.014163419279050904
0.0694402439334939 -0.969385863498432 0.23551878942423196 0.014163419279050904
0.0694402439334939 -0.969385863498432 -0.23551878942423196 0.014163419279050904
0.050872044105023384 0.9974086776528229 0.050872044105023384 0.008542773952204293
0.050872044105023384 0.9974086776528229 -0.050872044105023384 0.008542773952204293
0.050872044105023384 0.050872044105023384 0.9974086776528229 0.008542773952204293
0.050872044105023384 0.050872044105023384 -0.9974086776528229 0.008542773952204293
0.050872044105023384 -0.050872044105023384 0.9974086776528229 0.008542773952204293
0.050872044105023384 -0.050872044105023384 -0.9974086776528229 0.008542773952204293
0.050872044105023384 -0.9974086776528229 0.050872044105023384 0.008542773952204293
0.050872044105023384 -0.9974086776528229 -0.050872044105023384 0.008542773952204293
0.0 1.0 0.0 0.0027557323015896594
0.0 0.9894775374955985 0.14468656741953073 0.01162942390614478
0.0 0.9894775374955985 -0.14468656741953073 0.01162942390614478
0.0 0.9407768787937587 0.33902634754112154 0.01571097913474314
0.0 0.9407768787937587 -0.33902634754112154 0.01571097913474314
0.0 0.8457493051936533 0.5335804651263504 0.01752211795927569
0.0 0.8457493051936533 -0.5335804651263504 0.01752211795927569
0.0 0.7071067811865475 0.7071067811865475 0.01805075719815513
0.0 0.7071067811865475 -0.7071067811865475 0.01805075719815513
0.0 0.5335804651263504 0.8457493051936533 0.01752211795927569
0.0 0.5335804651263504 -0.8457493051936533 0.01752211795927569
0.0 0.33902634754112154 0.9407768787937587 0.01571097913474314
0.0 0.33902634754112154 -0.9407768787937587 0.01571097913474314
0.0 0.14468656741953073 0.9894775374955985 0.01162942390614478
0.0 0.14468656741953073 -0.9894775374955985 0.01162942390614478
0.0 0.0 1.0 0.0027557323015896594
0.0 0.0 -1.0 0.0027557323015896594
0.0 -0.14468656741953073 0.9894775374955985 0.01162942390614478
0.0 -0.14468656741953073 -0.9894775374955985 0.01162942390614478
0.0 -0.33902634754112154 0.9407768787937587 0.01571097913474314
0.0 -0.33902634754112154 -0.9407768787937587 0.01571097913474314
0.0 -0.5335804651263504 0.8457493051936533 0.01752211795927569
0.0 -0.5335804651263504 -0.8457493051936533 0.01752211795927569
0.0 -0.7071067811865475 0.7071067811865475 0.01805075719815513
0.0 -0.7071067811865475 -0.7071067811865475 0.01805075719815513
0.0 -0.8457493051936533 0.5335804651263504 0.01752211795927569
0.0 -0.8457493051936533 -0.5335804651263504 0.01752211795927569
0.0 -0.9407768787937587 0.33902634754112154 0.01571097913474314
0.0 -0.9407768787937587 -0.33902634754112154 0.01571097913474314
0.0 -0.9894775374955985 0.14468656741953073 0.01162942390614478
0.0 -0.9894775374955985 -0.14468656741953073 0.01162942390614478
0.0 -1.0 0.0 0.0027557323015896594
-0.050872044105023384 0.9974086776528229 0.050872044105023384 0.008542773952204293
-0.050872044105023384 0.9974086776528229 -0.050872044105023384 0.008542773952204293
-0.050872044105023384 0.050872044105023384 0.9974086776528229 0.008542773952204293
-0.050872044105023384 0.050872044105023384 -0.9974086776528229 0.008542773952204293
-0.050872044105023384 -0.050872044105023384 0.9974086776528229 0.008542773952204293
-0.050872044105023384 -0.050872044105023384 -0.9974086776528229 0.008542773952204293
-0.050872044105023384 -0.9974086776528229 0.050872044105023384 0.008542773952204293
-0.050872044105023384 -0.9974086776528229 -0.050872044105023384 0.008542773952204293
-0.0694402439334939 0.969385863498432 0.23551878942423196 0.014163419279050904
-0.0694402439334939 0.969385863498432 -0.23551878942423196 0.014163419279050904
-0.0694402439334939 0.23551878942423196 0.969385863498432 0.014163419279050904
-0.0694402439334939 0.23551878942423196 -0.969385863498432 0.014163419279050904
-0.0694402439334939 -0.23551878942423196 0.969385863498432 0.014163419279050904
-0.0694402439334939 -0.23551878942423196 -0.969385863498432 0.014163419279050904
-0.0694402439334939 -0.969385863498432 0.23551878942423196 0.014163419279050904
-0.0694402439334939 -0.969385863498432 -0.23551878942423196 0.014163419279050904
-0.07714815866765704 0.8972853361328333 0.43465755161411584 0.016818411775086785
-0.07714815866765704 0.8972853361328333 -0.43465755161411584 0.016818411775086785
-0.07714815866765704 0.43465755161411584 0.8972853361328333 0.016818411775086785
-0.07714815866765704 0.43465755161411584 -0.8972853361328333 0.016818411775086785
-0.07714815866765704 -0.43465755161411584 0.8972853361328333 0.016818411775086785
-0.07714815866765704 -0.43465755161411584 -0.8972853361328333 0.016818411775086785
-0.07714815866765704 -0.8972853361328333 0.43465755161411584 0.016818411775086785
-0.07714815866765704 -0.8972853361328333 -0.43465755161411584 0.016818411775086785
-0.08025574607775307 0.7793481057026608 0.6214302417481602 0.017906541331791828
-0.08025574607775307 0.7793481057026608 -0.6214302417481602 0.017906541331791828
-0.08025574607775307 0.6214302417481602 0.7793481057026608 0.017906541331791828
-0.08025574607775307 0.6214302417481602 -0.7793481057026608 0.017906541331791828
-0.08025574607775307 -0.6214302417481602 0.7793481057026608 0.017906541331791828
-0.08025574607775307 -0.6214302417481602 -0.7793481057026608 0.017906541331791828
-0.08025574607775307 -0.7793481057026608 0.6214302417481602 0.017906541331791828
-0.08025574607775307 -0.7793481057026608 -0.6214302417481602 0.017906541331791828
-0.12281987901788279 0.9847997535723012 0.12281987901788279 0.012457274706907686
-0.12281987901788279 0.9847997535723012 -0.12281987901788279 0.012457274706907686
-0.12281987901788279 0.12281987901788279 0.9847997535723012 0.012457274706907686
-0.12281987901788279 0.12281987901788279 -0.9847997535723012 0.012457274706907686
-0.12281987901788279 -0.12281987901788279 0.9847997535723012 0.012457274706907686
-0.12281987901788279 -0.12281987901788279 -0.9847997535723012 0.012457274706907686
-0.12281987901788279 -0.9847997535723012 0.12281987901788279 0.012457274706907686
-0.12281987901788279 -0.9847997535723012 -0.12281987901788279 0.012457274706907686
-0.14468656741953073 0.9894775374955985 0.0 0.01162942390614478
-0.14468656741953073 0.0 0.9894775374955985 0.01162942390614478
-0.14468656741953073 0.0 -0.9894775374955985 0.01162942390614478
-0.14468656741953073 -0.9894775374955985 0.0 0.01162942390614478
-0.14679995278965688 0.934414827052402 0.32452843457173935 0.015852769844661403
-0.14679995278965688 0.934414827052402 -0.32452843457173935 0.015852769844661403
-0.14679995278965688 0.32452843457173935 0.934414827052402 0.015852769844661403
-0.14679995278965688 0.32452843457173935 -0.934414827052402 0.015852769844661403
-0.14679995278965688 -0.32452843457173935 0.934414827052402 0.015852769844661403
-0.14679995278965688 -0.32452843457173935 -0.934414827052402 0.015852769844661403
-0.14679995278965688 -0.934414827052402 0.32452843457173935 0.015852769844661403
-0.14679995278965688 -0.934414827052402 -0.32452843457173935 0.015852769844661403
-0.1571507769824725 0.8380641334583122 0.5224482189696628 0.017499263032615325
-0.1571507769824725 0.8380641334583122 -0.5224482189696628 0.017499263032615325
-0.1571507769824725 0.5224482189696628 0.8380641334583122 0.017499263032615325
-0.1571507769824725 0.5224482189696628 -0.8380641334583122 0.017499263032615325
-0.1571507769824725 -0.5224482189696628 0.8380641334583122 0.017499263032615325
-0.1571507769824725 -0.5224482189696628 -0.8380641334583122 0.017499263032615325
-0.1571507769824725 -0.8380641334583122 0.5224482189696628 0.017499263032615325
-0.1571507769824725 -0.8380641334583122 -0.5224482189696628 0.017499263032615325
-0.1601558034988287 0.6979792685336879 0.6979792685336879 0.017989438648505277
-0.1601558034988287 0.6979792685336879 -0.6979792685336879 0.017989438648505277
-0.1601558034988287 -0.6979792685336879 0.6979792685336879 0.017989438648505277
-0.1601558034988287 -0.6979792685336879 -0.6979792685336879 0.017989438648505277
-0.2026890814408781 0.9580366759833914 0.2026890814408781 0.014830929034451082
-0.2026890814408781 0.9580366759833914 -0.2026890814408781 0.014830929034451082
-0.2026890814408781 0.2026890814408781 0.9580366759833914 0.014830929034451082
-0.2026890814408781 0.2026890814408781 -0.9580366759833914 0.014830929034451082
-0.2026890814408781 -0.2026890814408781 0.9580366759833914 0.014830929034451082
-0.2026890814408781 -0.2026890814408781 -0.9580366759833914 0.014830929034451082
-0.2026890814408781 -0.9580366759833914 0.2026890814408781 0.014830929034451082
-0.2026890814408781 -0.9580366759833914 -0.2026890814408781 0.014830929034451082
-0.22690041095294575 0.8833103605221126 0.4102182474045729 0.01691124051527533
-0.22690041095294575 0.8833103605221126 -0.4102182474045729 0.01691124051527533
-0.22690041095294575 0.4102182474045729 0.8833103605221126 0.01691124051527533
-0.22690041095294575 0.4102182474045729 -0.8833103605221126 0.01691124051527533
-0.22690041095294575 -0.4102182474045729 0.8833103605221126 0.01691124051527533
-0.22690041095294575 -0.4102182474045729 -0.8833103605221126 0.01691124051527533
-0.22690041095294575 -0.8833103605221126 0.4102182474045729 0.01691124051527533
-0.22690041095294575 -0.8833103605221126 -0.4102182474045729 0.01691124051527533
-0.23551878942423196 0.969385863498432 0.0694402439334939 0.014163419279050904
-0.23551878942423196 0.969385863498432 -0.0694402439334939 0.014163419279050904
-0.23551878942423196 0.0694402439334939 0.969385863498432 0.014163419279050904
-0.23551878942423196 0.0694402439334939 -0.969385863498432 0.014163419279050904
-0.23551878942423196 -0.0694402439334939 0.969385863498432 0.014163419279050904
-0.23551878942423196 -0.0694402439334939 -0.969385863498432 0.014163419279050904
-0.23551878942423196 -0.969385863498432 0.0694402439334939 0.014163419279050904
-0.23551878942423196 -0.969385863498432 -0.0694402439334939 0.014163419279050904
-0.23657029931572443 0.7628406246046694 0.6017546634089557 0.017828685057665012
-0.23657029931572443 0.7628406246046694 -0.6017546634089557 0.017828685057665012
-0.23657029931572443 0.6017546634089557 0.7628406246046694 0.017828685057665012
-0.23657029931572443 0.6017546634089557 -0.7628406246046694 0.017828685057665012
-0.23657029931572443 -0.6017546634089557 0.7628406246046694 0.017828685057665012
-0.23657029931572443 -0.6017546634089557 -0.7628406246046694 0.017828685057665012
-0.23657029931572443 -0.7628406246046694 0.6017546634089557 0.017828685057665012
-0.23657029931572443 -0.7628406246046694 -0.6017546634089557 0.017828685057665012
-0.28477451564642914 0.9153179504831547 0.28477451564642914 0.016293551138180474
-0.28477451564642914 0.9153179504831547 -0.28477451564642914 0.016293551138180474
-0.28477451564642914 0.28477451564642914 0.9153179504831547 0.016293551138180474
-0.28477451564642914 0.28477451564642914 -0.9153179504831547 0.016293551138180474
-0.28477451564642914 -0.28477451564642914 0.9153179504831547 0.016293551138180474
-0.28477451564642914 -0.28477451564642914 -0.9153179504831547 0.016293551138180474
-0.28477451564642914 -0.9153179504831547 0.28477451564642914 0.016293551138180474
-0.28477451564642914 -0.9153179504831547 -0.28477451564642914 0.016293551138180474
-0.3062936666210727 0.8156092232039753 0.4908826589037611 0.017513761565938715
-0.3062936666210727 0.8156092232039753 -0.4908826589037611 0.017513761565938715
-0.3062936666210727 0.4908826589037611 0.8156092232039753 0.017513761565938715
-0.3062936666210727 0.4908826589037611 -0.8156092232039753 0.017513761565938715
-0.3062936666210727 -0.4908826589037611 0.8156092232039753 0.017513761565938715
-0.3062936666210727 -0.4908826589037611 -0.8156092232039753 0.017513761565938715
-0.3062936666210727 -0.8156092232039753 0.4908826589037611 0.017513761565938715
-0.3062936666210727 -0.8156092232039753 -0.4908826589037611 0.017513761565938715
-0.3125213050016529 0.6716883332022611 0.6716883332022611 0.017894467464561133
-0.3125213050016529 0.6716883332022611 -0.6716883332022611 0.017894467464561133
-0.3125213050016529 -0.6716883332022611 0.6716883332022611 0.017894467464561133
-0.3125213050016529 -0.6716883332022611 -0.6716883332022611 0.017894467464561133
-0.32452843457173935 0.934414827052402 0.14679995278965688 0.015852769844661403
-0.32452843457173935 0.934414827052402 -0.14679995278965688 0.015852769844661403
-0.32452843457173935 0.14679995278965688 0.934414827052402 0.015852769844661403
-0.32452843457173935 0.14679995278965688 -0.934414827052402 0.015852769844661403
-0.32452843457173935 -0.14679995278965688 0.934414827052402 0.015852769844661403
-0.32452843457173935 -0.14679995278965688 -0.934414827052402 0.015852769844661403
-0.32452843457173935 -0.934414827052402 0.14679995278965688 0.015852769844661403
-0.32452843457173935 -0.934414827052402 -0.14679995278965688 0.015852769844661403
-0.33902634754112154 0.9407768787937587 0.0 0.01571097913474314
-0.33902634754112154 0.0 0.9407768787937587 0.01571097913474314
-0.33902634754112154 0.0 -0.9407768787937587 0.01571097913474314
-0.33902634754112154 -0.9407768787937587 0.0 0.01571097913474314
-0.3656719078978025 0.8559019286978865 0.3656719078978025 0.017164046568624036
-0.3656719078978025 0.8559019286978865 -0.3656719078978025 0.017164046568624036
-0.3656719078978025 0.3656719078978025 0.8559019286978865 0.017164046568624036
-0.3656719078978025 0.3656719078978025 -0.8559019286978865 0.017164046568624036
-0.3656719078978025 -0.3656719078978025 0.8559019286978865 0.017164046568624036
-0.3656719078978025 -0.3656719078978025 -0.8559019286978865 0.017164046568624036
-0.3656719078978025 -0.8559019286978865 0.3656719078978025 0.017164046568624036
-0.3656719078978025 -0.8559019286978865 -0.3656719078978025 0.017164046568624036
-0.3822477379524785 0.7313007936597655 0.5648768149099498 0.017792909600670804
-0.3822477379524785 0.7313007936597655 -0.5648768149099498 0.017792909600670804
-0.3822477379524785 0.5648768149099498 0.7313007936597655 0.017792909600670804
-0.3822477379524785 0.5648768149099498 -0.7313007936597655 0.017792909600670804
-0.3822477379524785 -0.5648768149099498 0.7313007936597655 0.017792909600670804
-0.3822477379524785 -0.5648768149099498 -0.7313007936597655 0.017792909600670804
-0.3822477379524785 -0.7313007936597655 0.5648768149099498 0.017792909600670804
-0.3822477379524785 -0.7313007936597655 -0.5648768149099498 0.017792909600670804
-0.4102182474045729 0.8833103605221126 0.22690041095294575 0.01691124051527533
-0.4102182474045729 0.8833103605221126 -0.22690041095294575 0.01691124051527533
-0.4102182474045729 0.22690041095294575 0.8833103605221126 0.01691124051527533
-0.4102182474045729 0.22690041095294575 -0.8833103605221126 0.01691124051527533
-0.4102182474045729 -0.22690041095294575 0.8833103605221126 0.01691124051527533
-0.4102182474045729 -0.22690041095294575 -0.8833103605221126 0.01691124051527533
-0.4102182474045729 -0.8833103605221126 0.22690041095294575 0.01691124051527533
-0.4102182474045729 -0.8833103605221126 -0.22690041095294575 0.01691124051527533
-0.43465755161411584 0.8972853361328333 0.07714815866765704 0.016818411775086785
-0.43465755161411584 0.8972853361328333 -0.07714815866765704 0.016818411775086785
-0.43465755161411584 0.07714815866765704 0.8972853361328333 0.016818411775086785
-0.43465755161411584 0.07714815866765704 -0.8972853361328333 0.016818411775086785
-0.43465755161411584 -0.07714815866765704 0.8972853361328333 0.016818411775086785
-0.43465755161411584 -0.07714815866765704 -0.8972853361328333 0.016818411775086785
-0.43465755161411584 -0.8972853361328333 0.07714815866765704 0.016818411775086785
-0.43465755161411584 -0.8972853361328333 -0.07714815866765704 0.016818411775086785
-0.4428264886713468 0.7796213195276349 0.4428264886713468 0.017630474775325335
-0.4428264886713468 0.7796213195276349 -0.4428264886713468 0.017630474775325335
-0.4428264886713468 0.4428264886713468 0.7796213195276349 0.017630474775325335
-0.4428264886713468 0.4428264886713468 -0.7796213195276349 0.017630474775325335
-0.4428264886713468 -0.4428264886713468 0.7796213195276349 0.017630474775325335
-0.4428264886713468 -0.4428264886713468 -0.7796213195276349 0.017630474775325335
-0.4428264886713468 -0.7796213195276349 0.4428264886713468 0.017630474775325335
-0.4428264886713468 -0.7796213195276349 -0.4428264886713468 0.017630474775325335
-0.45231192031365797 0.6306401219166802 0.6306401219166802 0.017861546920742558
-0.45231192031365797 0.6306401219166802 -0.6306401219166802 0.017861546920742558
-0.45231192031365797 -0.6306401219166802 0.6306401219166802 0.017861546920742558
-0.45231192031365797 -0.6306401219166802 -0.6306401219166802 0.017861546920742558
-0.4908826589037611 0.8156092232039753 0.3062936666210727 0.017513761565938715
-0.4908826589037611 0.8156092232039753 -0.3062936666210727 0.017513761565938715
-0.4908826589037611 0.3062936666210727 0.8156092232039753 0.017513761565938715
-0.4908826589037611 0.3062936666210727 -0.8156092232039753 0.017513761565938715
-0.4908826589037611 -0.3062936666210727 0.8156092232039753 0.017513761565938715
-0.4908826589037611 -0.3062936666210727 -0.8156092232039753 0.017513761565938715
-0.4908826589037611 -0.8156092232039753 0.3062936666210727 0.017513761565938715
-0.4908826589037611 -0.8156092232039753 -0.3062936666210727 0.017513761565938715
-0.5140619627249733 0.6866444472641542 0.5140619627249733 0.01782722592256378
-0.5140619627249733 0.6866444472641542 -0.5140619627249733 0.01782722592256378
-0.5140619627249733 0.5140619627249733 0.6866444472641542 0.01782722592256378
-0.5140619627249733 0.5140619627249733 -0.6866444472641542 0.01782722592256378
-0.5140619627249733 -0.5140619627249733 0.6866444472641542 0.01782722592256378
-0.5140619627249733 -0.5140619627249733 -0.6866444472641542 0.01782722592256378
-0.5140619627249733 -0.6866444472641542 0.5140619627249733 0.01782722592256378
-0.5140619627249733 -0.6866444472641542 -0.5140619627249733 0.01782722592256378
-0.5224482189696628 0.8380641334583122 0.1571507769824725 0.017499263032615325
-0.5224482189696628 0.8380641334583122 -0.1571507769824725 0.017499263032615325
-0.5224482189696628 0.1571507769824725 0.8380641334583122 0.017499263032615325
-0.5224482189696628 0.1571507769824725 -0.8380641334583122 0.017499263032615325
-0.5224482189696628 -0.1571507769824725 0.8380641334583122 0.017499263032615325
-0.5224482189696628 -0.1571507769824725 -0.8380641334583122 0.017499263032615325
-0.5224482189696628 -0.8380641334583122 0.1571507769824725 0.017499263032615325
-0.5224482189696628 -0.8380641334583122 -0.1571507769824725 0.017499263032615325
-0.5335804651263504 0.8457493051936533 0.0 0.01752211795927569
-0.5335804651263504 0.0 0.8457493051936533 0.01752211795927569
-0.5335804651263504 0.0 -0.8457493051936533 0.01752211795927569
-0.5335804651263504 -0.8457493051936533 0.0 0.01752211795927569
-0.5648768149099498 0.7313007936597655 0.3822477379524785 0.017792909600670804
-0.5648768149099498 0.7313007936597655 -0.3822477379524785 0.017792909600670804
-0.5648768149099498 0.3822477379524785 0.7313007936597655 0.017792909600670804
-0.5648768149099498 0.3822477379524785 -0.7313007936597655 0.017792909600670804
-0.5648768149099498 -0.3822477379524785 0.7313007936597655 0.017792909600670804
-0.5648768149099498 -0.3822477379524785 -0.7313007936597655 0.017792909600670804
-0.5648768149099498 -0.7313007936597655 0.3822477379524785 0.017792909600670804
-0.5648768149099498 -0.7313007936597655 -0.3822477379524785 0.017792909600670804
-0.5773502691896257 0.5773502691896257 0.5773502691896257 0.017868629358435674
-0.5773502691896257 0.5773502691896257 -0.5773502691896257 0.017868629358435674
-0.5773502691896257 -0.5773502691896257 0.5773502691896257 0.017868629358435674
-0.5773502691896257 -0.5773502691896257 -0.5773502691896257 0.017868629358435674
-0.6017546634089557 0.7628406246046694 0.23657029931572443 0.017828685057665012
-0.6017546634089557 0.7628406246046694 -0.23657029931572443 0.017828685057665012
-0.6017546634089557 0.23657029931572443 0.7628406246046694 0.017828685057665012
-0.6017546634089557 0.23657029931572443 -0.7628406246046694 0.017828685057665012
-0.6017546634089557 -0.23657029931572443 0.7628406246046694 0.017828685057665012
-0.6017546634089557 -0.23657029931572443 -0.7628406246046694 0.017828685057665012
-0.6017546634089557 -0.7628406246046694 0.23657029931572443 0.017828685057665012
-0.6017546634089557 -0.7628406246046694 -0.23657029931572443 0.017828685057665012
-0.6214302417481602 0.7793481057026608 0.08025574607775307 0.017906541331791828
-0.6214302417481602 0.7793481057026608 -0.08025574607775307 0.017906541331791828
-0.6214302417481602 0.08025574607775307 0.7793481057026608 0.017906541331791828
-0.6214302417481602 0.08025574607775307 -0.7793481057026608 0.017906541331791828
-0.6214302417481602 -0.08025574607775307 0.7793481057026608 0.017906541331791828
-0.6214302417481602 -0.08025574607775307 -0.7793481057026608 0.017906541331791828
-0.6214302417481602 -0.7793481057026608 0.08025574607775307 0.017906541331791828
-0.6214302417481602 -0.7793481057026608 -0.08025574607775307 0.017906541331791828
-0.6306401219166802 0.6306401219166802 0.45231192031365797 0.017861546920742558
-0.6306401219166802 0.6306401219166802 -0.45231192031365797 0.017861546920742558
-0.6306401219166802 0.45231192031365797 0.6306401219166802 0.017861546920742558
-0.6306401219166802 0.45231192031365797 -0.6306401219166802 0.017861546920742558
-0.6306401219166802 -0.45231192031365797 0.6306401219166802 0.017861546920742558
-0.6306401219166802 -0.45231192031365797 -0.6306401219166802 0.017861546920742558
-0.6306401219166802 -0.6306401219166802 0.45231192031365797 0.017861546920742558
-0.6306401219166802 -0.6306401219166802 -0.45231192031365797 0.017861546920742558
-0.6716883332022611 0.6716883332022611 0.3125213050016529 0.017894467464561133
-0.6716883332022611 0.6716883332022611 -0.3125213050016529 0.017894467464561133
-0.6716883332022611 0.3125213050016529 0.6716883332022611 0.017894467464561133
-0.6716883332022611 0.3125213050016529 -0.6716883332022611 0.017894467464561133
-0.6716883332022611 -0.3125213050016529 0.6716883332022611 0.017894467464561133
-0.6716883332022611 -0.3125213050016529 -0.6716883332022611 0.017894467464561133
-0.6716883332022611 -0.6716883332022611 0.3125213050016529 0.017894467464561133
-0.6716883332022611 -0.6716883332022611 -0.3125213050016529 0.017894467464561133
-0.6866444472641542 0.5140619627249733 0.5140619627249733 0.01782722592256378
-0.6866444472641542 0.5140619627249733 -0.5140619627249733 0.01782722592256378
-0.6866444472641542 -0.5140619627249733 0.5140619627249733 0.01782722592256378
-0.6866444472641542 -0.5140619627249733 -0.5140619627249733 0.01782722592256378
-0.6979792685336879 0.6979792685336879 0.1601558034988287 0.017989438648505277
-0.6979792685336879 0.6979792685336879 -0.1601558034988287 0.017989438648505277
-0.6979792685336879 0.1601558034988287 0.6979792685336879 0.017989438648505277
-0.6979792685336879 0.1601558034988287 -0.6979792685336879 0.017989438648505277
-0.6979792685336879 -0.1601558034988287 0.6979792685336879 0.017989438648505277
-0.6979792685336879 -0.1601558034988287 -0.6979792685336879 0.017989438648505277
-0.6979792685336879 -0.6979792685336879 0.1601558034988287 0.017989438648505277
-0.6979792685336879 -0.6979792685336879 -0.1601558034988287 0.017989438648505277
-0.7071067811865475 0.7071067811865475 0.0 0.01805075719815513
-0.7071067811865475 0.0 0.7071067811865475 0.01805075719815513
-0.7071067811865475 0.0 -0.7071067811865475 0.01805075719815513
-0.7071067811865475 -0.7071067811865475 0.0 0.01805075719815513
-0.7313007936597655 0.5648768149099498 0.3822477379524785 0.017792909600670804
-0.7313007936597655 0.5648768149099498 -0.3822477379524785 0.017792909600670804
-0.7313007936597655 0.3822477379524785 0.5648768149099498 0.017792909600670804
-0.7313007936597655 0.3822477379524785 -0.5648768149099498 0.017792909600670804
-0.7313007936597655 -0.3822477379524785 0.5648768149099498 0.017792909600670804
-0.7313007936597655 -0.3822477379524785 -0.5648768149099498 0.017792909600670804
-0.7313007936597655 -0.5648768149099498 0.3822477379524785 0.017792909600670804
-0.7313007936597655 -0.5648768149099498 -0.3822477379524785 0.017792909600670804
-0.7628406246046694 0.6017546634089557 0.23657029931572443 0.017828685057665012
-0.7628406246046694 0.6017546634089557 -0.23657029931572443 0.017828685057665012
-0.7628406246046694 0.23657029931572443 0.6017546634089557 0.017828685057665012
-0.7628406246046694 0.23657029931572443 -0.6017546634089557 0.017828685057665012
-0.7628406246046694 -0.23657029931572443 0.6017546634089557 0.017828685057665012
-0.7628406246046694 -0.23657029931572443 -0.6017546634089557 0.017828685057665012
-0.7628406246046694 -0.6017546634089557 0.23657029931572443 0.017828685057665012
-0.7628406246046694 -0.6017546634089557 -0.23657029931572443 0.017828685057665012
-0.7793481057026608 0.6214302417481602 0.08025574607775307 0.017906541331791828
-0.7793481057026608 0.6214302417481602 -0.08025574607775307 0.017906541331791828
-0.7793481057026608 0.08025574607775307 0.6214302417481602 0.017906541331791828
-0.7793481057026608 0.08025574607775307 -0.6214302417481602 0.017906541331791828
-0.7793481057026608 -0.08025574607775307 0.6214302417481602 0.017906541331791828
-0.7793481057026608 -0.08025574607775307 -0.6214302417481602 0.017906541331791828
-0.7793481057026608 -0.6214302417481602 0.08025574607775307 0.017906541331791828
-0.7793481057026608 -0.6214302417481602 -0.08025574607775307 0.017906541331791828
-0.7796213195276349 0.4428264886713468 0.4428264886713468 0.017630474775325335
-0.7796213195276349 0.4428264886713468 -0.4428264886713468 0.017630474775325335
-0.7796213195276349 -0.4428264886713468 0.4428264886713468 0.017630474775325335
-0.7796213195276349 -0.4428264886713468 -0.4428264886713468 0.017630474775325335
-0.8156092232039753 0.4908826589037611 0.3062936666210727 0.017513761565938715
-0.8156092232039753 0.4908826589037611 -0.3062936666210727 0.017513761565938715
-0.8156092232039753 0.3062936666210727 0.4908826589037611 0.017513761565938715
-0.8156092232039753 0.3062936666210727 -0.4908826589037611 0.017513761565938715
-0.8156092232039753 -0.3062936666210727 0.4908826589037611 0.017513761565938715
-0.8156092232039753 -0.3062936666210727 -0.4908826589037611 0.017513761565938715
-0.8156092232039753 -0.4908826589037611 0.3062936666210727 0.017513761565938715
-0.8156092232039753 -0.4908826589037611 -0.3062936666210727 0.017513761565938715
-0.8380641334583122 0.5224482189696628 0.1571507769824725 0.017499263032615325
-0.8380641334583122 0.5224482189696628 -0.1571507769824725 0.017499263032615325
-0.8380641334583122 0.1571507769824725 0.5224482189696628 0.017499263032615325
-0.8380641334583122 0.1571507769824725 -0.5224482189696628 0.017499263032615325
-0.8380641334583122 -0.1571507769824725 0.5224482189696628 0.017499263032615325
-0.8380641334583122 -0.1571507769824725 -0.5224482189696628 0.017499263032615325
-0.8380641334583122 -0.5224482189696628 0.1571507769824725 0.017499263032615325
-0.8380641334583122 -0.5224482189696628 -0.1571507769824725 0.017499263032615325
-0.8457493051936533 0.5335804651263504 0.0 0.01752211795927569
-0.8457493051936533 0.0 0.5335804651263504 0.01752211795927569
-0.8457493051936533 0.0 -0.5335804651263504 0.01752211795927569
-0.8457493051936533 -0.5335804651263504 0.0 0.01752211795927569
-0.8559019286978865 0.3656719078978025 0.3656719078978025 0.017164046568624036
-0.8559019286978865 0.3656719078978025 -0.3656719078978025 0.017164046568624036
-0.8559019286978865 -0.3656719078978025 0.3656719078978025 0.017164046568624036
-0.8559019286978865 -0.3656719078978025 -0.3656719078978025 0.017164046568624036
-0.8833103605221126 0.4102182474045729 0.22690041095294575 0.01691124051527533
-0.8833103605221126 0.4102182474045729 -0.22690041095294575 0.01691124051527533
-0.8833103605221126 0.22690041095294575 0.4102182474045729 0.01691124051527533
-0.8833103605221126 0.22690041095294575 -0.4102182474045729 0.01691124051527533
-0.8833103605221126 -0.22690041095294575 0.4102182474045729 0.01691124051527533
-0.8833103605221126 -0.22690041095294575 -0.4102182474045729 0.01691124051527533
-0.8833103605221126 -0.4102182474045729 0.22690041095294575 0.01691124051527533
-0.8833103605221126 -0.4102182474045729 -0.22690041095294575 0.01691124051527533
-0.8972853361328333 0.43465755161411584 0.07714815866765704 0.016818411775086785
-0.8972853361328333 0.43465755161411584 -0.07714815866765704 0.016818411775086785
-0.8972853361328333 0.07714815866765704 0.43465755161411584 0.016818411775086785
-0.8972853361328333 0.07714815866765704 -0.43465755161411584 0.016818411775086785
-0.8972853361328333 -0.07714815866765704 0.43465755161411584 0.016818411775086785
-0.8972853361328333 -0.07714815866765704 -0.43465755161411584 0.016818411775086785
-0.8972853361328333 -0.43465755161411584 0.07714815866765704 0.016818411775086785
-0.8972853361328333 -0.43465755161411584 -0.07714815866765704 0.016818411775086785
-0.9153179504831547 0.28477451564642914 0.28477451564642914 0.016293551138180474
-0.9153179504831547 0.28477451564642914 -0.28477451564642914 0.016293551138180474
-0.9153179504831547 -0.28477451564642914 0.28477451564642914 0.016293551138180474
-0.9153179504831547 -0.28477451564642914 -0.28477451564642914 0.016293551138180474
-0.934414827052402 0.32452843457173935 0.14679995278965688 0.015852769844661403
-0.934414827052402 0.32452843457173935 -0.14679995278965688 0.015852769844661403
-0.934414827052402 0.14679995278965688 0.32452843457173935 0.015852769844661403
-0.934414827052402 0.14679995278965688 -0.32452843457173935 0.015852769844661403
-0.934414827052402 -0.14679995278965688 0.32452843457173935 0.015852769844661403
-0.934414827052402 -0.14679995278965688 -0.32452843457173935 0.015852769844661403
-0.934414827052402 -0.32452843457173935 0.14679995278965688 0.015852769844661403
-0.934414827052402 -0.32452843457173935 -0.14679995278965688 0.015852769844661403
-0.9407768787937587 0.33902634754112154 0.0 0.01571097913474314
-0.9407768787937587 0.0 0.33902634754112154 0.01571097913474314
-0.9407768787937587 0.0 -0.33902634754112154 0.01571097913474314
-0.9407768787937587 -0.33902634754112154 0.0 0.01571097913474314
-0.9580366759833914 0.2026890814408781 0.2026890814408781 0.014830929034451082
-0.9580366759833914 0.2026890814408781 -0.2026890814408781 0.014830929034451082
-0.9580366759833914 -0.2026890814408781 0.2026890814408781 0.014830929034451082
-0.9580366759833914 -0.2026890814408781 -0.2026890814408781 0.014830929034451082
-0.969385863498432 0.23551878942423196 0.0694402439334939 0.014163419279050904
-0.969385863498432 0.23551878942423196 -0.0694402439334939 0.014163419279050904
-0.969385863498432 0.0694402439334939 0.23551878942423196 0.014163419279050904
-0.969385863498432 0.0694402439334939 -0.23551878942423196 0.014163419279050904
-0.969385863498432 -0.0694402439334939 0.23551878942423196 0.014163419279050904
-0.969385863498432 -0.0694402439334939 -0.23551878942423196 0.014163419279050904
-0.969385863498432 -0.23551878942423196 0.0694402439334939 0.014163419279050904
-0.969385863498432 -0.23551878942423196 -0.0694402439334939 0.014163419279050904
-0.9847997535723012 0.12281987901788279 0.12281987901788279 0.012457274706907686
-0.9847997535723012 0.12281987901788279 -0.12281987901788279 0.012457274706907686
-0.9847997535723012 -0.12281987901788279 0.12281987901788279 0.012457274706907686
-0.9847997535723012 -0.12281987901788279 -0.12281987901788279 0.012457274706907686
-0.9894775374955985 0.14468656741953073 0.0 0.01162942390614478
-0.9894775374955985 0.0 0.14468656741953073 0.01162942390614478
-0.9894775374955985 0.0 -0.14468656741953073 0.01162942390614478
-0.9894775374955985 -0.14468656741953073 0.0 0.01162942390614478
-0.9974086776528229 0.050872044105023384 0.050872044105023384 0.008542773952204293
-0.9974086776528229 0.050872044105023384 -0.050872044105023384 0.008542773952204293
-0.9974086776528229 -0.050872044105023384 0.050872044105023384 0.008542773952204293
-0.9974086776528229 -0.050872044105023384 -0.050872044105023384 0.008542773952204293
-1.0 0.0 0.0 0.0027557323015896594
