1.0 0.0 0.0 0.8377580409572823
0.5773502691896257 0.5773502691896257 0.5773502691896257 0.9424777960769379
0.5773502691896257 0.5773502691896257 -0.5773502691896257 0.9424777960769379
0.5773502691896257 -0.5773502691896257 0.5773502691896257 0.9424777960769379
0.5773502691896257 -0.5773502691896257 -0.5773502691896257 0.9424777960769379
0.0 1.0 0.0 0.8377580409572823
0.0 0.0 1.0 0.8377580409572823
0.0 0.0 -1.0 0.8377580409572823
0.0 -1.0 0.0 0.8377580409572823
-0.5773502691896257 0.5773502691896257 0.5773502691896257 0.9424777960769379
-0.5773502691896257 0.5773502691896257 -0.5773502691896257 0.9424777960769379
-0.5773502691896257 -0.5773502691896257 0.5773502691896257 0.9424777960769379
-0.5773502691896257 -0.5773502691896257 -0.5773502691896257 0.9424777960769379
-1.0 0.0 0.0 0.8377580409572823
