1.0 0.0 0.0 0.0018074137850679706
0.9981553450238465 0.042929635453413384 0.042929635453413384 0.006217877052166743
0.9981553450238465 0.042929635453413384 -0.042929635453413384 0.006217877052166743
0.9981553450238465 -0.042929635453413384 0.042929635453413384 0.006217877052166743
0.9981553450238465 -0.042929635453413384 -0.042929635453413384 0.006217877052166743
0.9923235654314901 0.12366867626579855 0.0 0.008574497021019596
0.9923235654314901 0.0 0.12366867626579855 0.008574497021019596
0.9923235654314901 0.0 -0.12366867626579855 0.008574497021019596
0.9923235654314901 -0.12366867626579855 0.0 0.008574497021019596
0.9888832243546856 0.10514268540864001 0.10514268540864001 0.009246323068811667
0.9888832243546856 0.10514268540864001 -0.10514268540864001 0.009246323068811667
0.9888832243546856 -0.10514268540864001 0.10514268540864001 0.009246323068811667
0.9888832243546856 -0.10514268540864001 -0.10514268540864001 0.009246323068811667
0.9773727228453098 0.20291287527775223 0.05974048614181333 0.01060210174688521
0.9773727228453098 0.20291287527775223 -0.05974048614181333 0.01060210174688521
0.9773727228453098 0.05974048614181333 0.20291287527775223 0.01060210174688521
0.9773727228453098 0.05974048614181333 -0.20291287527775223 0.01060210174688521
0.9773727228453098 -0.05974048614181333 0.20291287527775223 0.01060210174688521
0.9773727228453098 -0.05974048614181333 -0.20291287527775223 0.01060210174688521
0.9773727228453098 -0.20291287527775223 0.05974048614181333 0.01060210174688521
0.9773727228453098 -0.20291287527775223 -0.05974048614181333 0.01060210174688521
0.9688902204347074 0.1750024867623082 0.1750024867623082 0.011170413684440144
0.9688902204347074 0.1750024867623082 -0.1750024867623082 0.011170413684440144
0.9688902204347074 -0.1750024867623082 0.1750024867623082 0.011170413684440144
0.9688902204347074 -0.1750024867623082 -0.1750024867623082 0.011170413684440144
0.9557815124965485 0.2940777114468385 0.0 0.011880445529098286
0.9557815124965485 0.0 0.2940777114468385 0.011880445529098286
0.9557815124965485 0.0 -0.2940777114468385 0.011880445529098286
0.9557815124965485 -0.2940777114468385 0.0 0.011880445529098286
0.9510201693743899 0.2817606422442132 0.12716751914398175 0.012021587439174114
0.9510201693743899 0.2817606422442132 -0.12716751914398175 0.012021587439174114
0.9510201693743899 0.12716751914398175 0.2817606422442132 0.012021587439174114
0.9510201693743899 0.12716751914398175 -0.2817606422442132 0.012021587439174114
0.9510201693743899 -0.12716751914398175 0.2817606422442132 0.012021587439174114
0.9510201693743899 -0.12716751914398175 -0.2817606422442132 0.012021587439174114
0.9510201693743899 -0.2817606422442132 0.12716751914398175 0.012021587439174114
0.9510201693743899 -0.2817606422442132 -0.12716751914398175 0.012021587439174114
0.936602730407163 0.2477653379650256 0.2477653379650256 0.01242606437075663
0.936602730407163 0.2477653379650256 -0.2477653379650256 0.01242606437075663
0.936602730407163 -0.2477653379650256 0.2477653379650256 0.01242606437075663
0.936602730407163 -0.2477653379650256 -0.2477653379650256 0.01242606437075663
0.9226161107308088 0.37983952168591545 0.06709284600738241 0.012849977455837781
0.9226161107308088 0.37983952168591545 -0.06709284600738241 0.012849977455837781
0.9226161107308088 0.06709284600738241 0.37983952168591545 0.012849977455837781
0.9226161107308088 0.06709284600738241 -0.37983952168591545 0.012849977455837781
0.9226161107308088 -0.06709284600738241 0.37983952168591545 0.012849977455837781
0.9226161107308088 -0.06709284600738241 -0.37983952168591545 0.012849977455837781
0.9226161107308088 -0.37983952168591545 0.06709284600738241 0.012849977455837781
0.9226161107308088 -0.37983952168591545 -0.06709284600738241 0.012849977455837781
0.9121183784091214 0.3589606329589095 0.1979578938917405 0.0129735442338212
0.9121183784091214 0.3589606329589095 -0.1979578938917405 0.0129735442338212
0.9121183784091214 0.1979578938917405 0.3589606329589095 0.0129735442338212
0.9121183784091214 0.1979578938917405 -0.3589606329589095 0.0129735442338212
0.9121183784091214 -0.1979578938917405 0.3589606329589095 0.0129735442338212
0.9121183784091214 -0.1979578938917405 -0.3589606329589095 0.0129735442338212
0.9121183784091214 -0.3589606329589095 0.1979578938917405 0.0129735442338212
0.9121183784091214 -0.3589606329589095 -0.1979578938917405 0.0129735442338212
0.8912679426476059 0.32065671239559546 0.32065671239559546 0.013236154168341847
0.8912679426476059 0.32065671239559546 -0.32065671239559546 0.013236154168341847
0.8912679426476059 -0.32065671239559546 0.32065671239559546 0.013236154168341847
0.8912679426476059 -0.32065671239559546 -0.32065671239559546 0.013236154168341847
0.8827859807011816 0.46977538492076476 0.0 0.01350168526987728
0.8827859807011816 0.0 0.46977538492076476 0.01350168526987728
0.8827859807011816 0.0 -0.46977538492076476 0.01350168526987728
0.8827859807011816 -0.46977538492076476 0.0 0.01350168526987728
0.8770584618658025 0.46026219424840487 0.13757604084736333 0.013512061888371915
0.8770584618658025 0.46026219424840487 -0.13757604084736333 0.013512061888371915
0.8770584618658025 0.13757604084736333 0.46026219424840487 0.013512061888371915
0.8770584618658025 0.13757604084736333 -0.46026219424840487 0.013512061888371915
0.8770584618658025 -0.13757604084736333 0.46026219424840487 0.013512061888371915
0.8770584618658025 -0.13757604084736333 -0.46026219424840487 0.013512061888371915
0.8770584618658025 -0.46026219424840487 0.13757604084736333 0.013512061888371915
0.8770584618658025 -0.46026219424840487 -0.13757604084736333 0.013512061888371915
0.8601434616017619 0.4331561291720155 0.26931207404135094 0.013580014917827968
0.8601434616017619 0.4331561291720155 -0.26931207404135094 0.013580014917827968
0.8601434616017619 0.26931207404135094 0.4331561291720155 0.013580014917827968
0.8601434616017619 0.26931207404135094 -0.4331561291720155 0.013580014917827968
0.8601434616017619 -0.26931207404135094 0.4331561291720155 0.013580014917827968
0.8601434616017619 -0.26931207404135094 -0.4331561291720155 0.013580014917827968
0.8601434616017619 -0.4331561291720155 0.26931207404135094 0.013580014917827968
0.8601434616017619 -0.4331561291720155 -0.26931207404135094 0.013580014917827968
0.8325967237023518 0.39165207498499804 0.39165207498499804 0.013732263488467768
0.8325967237023518 0.39165207498499804 -0.39165207498499804 0.013732263488467768
0.8325967237023518 -0.39165207498499804 0.39165207498499804 0.013732263488467768
0.8325967237023518 -0.39165207498499804 -0.39165207498499804 0.013732263488467768
0.8310175524134741 0.5517505421423516 0.07057738183256156 0.013935605720680524
0.8310175524134741 0.5517505421423516 -0.07057738183256156 0.013935605720680524
0.8310175524134741 0.07057738183256156 0.5517505421423516 0.013935605720680524
0.8310175524134741 0.07057738183256156 -0.5517505421423516 0.013935605720680524
0.8310175524134741 -0.07057738183256156 0.5517505421423516 0.013935605720680524
0.8310175524134741 -0.07057738183256156 -0.5517505421423516 0.013935605720680524
0.8310175524134741 -0.5517505421423516 0.07057738183256156 0.013935605720680524
0.8310175524134741 -0.5517505421423516 -0.07057738183256156 0.013935605720680524
0.8187485362810214 0.5348666438135473 0.2087307061103271 0.013914106100301004
0.8187485362810214 0.5348666438135473 -0.2087307061103271 0.013914106100301004
0.8187485362810214 0.2087307061103271 0.5348666438135473 0.013914106100301004
0.8187485362810214 0.2087307061103271 -0.5348666438135473 0.013914106100301004
0.8187485362810214 -0.2087307061103271 0.5348666438135473 0.013914106100301004
0.8187485362810214 -0.2087307061103271 -0.5348666438135473 0.013914106100301004
0.8187485362810214 -0.5348666438135473 0.2087307061103271 0.013914106100301004
0.8187485362810214 -0.5348666438135473 -0.2087307061103271 0.013914106100301004
0.7949422999642083 0.5030673999662034 0.33910165263362807 0.013930792413075255
0.7949422999642083 0.5030673999662034 -0.33910165263362807 0.013930792413075255
0.7949422999642083 0.33910165263362807 0.5030673999662034 0.013930792413075255
0.7949422999642083 0.33910165263362807 -0.5030673999662034 0.013930792413075255
0.7949422999642083 -0.33910165263362807 0.5030673999662034 0.013930792413075255
0.7949422999642083 -0.33910165263362807 -0.5030673999662034 0.013930792413075255
0.7949422999642083 -0.5030673999662034 0.33910165263362807 0.013930792413075255
0.7949422999642083 -0.5030673999662034 -0.33910165263362807 0.013930792413075255
0.7737784472573748 0.6334563241139566 0.0 0.014191203422653951
0.7737784472573748 0.0 0.6334563241139566 0.014191203422653951
0.7737784472573748 0.0 -0.6334563241139566 0.014191203422653951
0.7737784472573748 -0.6334563241139566 0.0 0.014191203422653951
0.7671021862205583 0.6256167358580813 0.14197864526019152 0.014159750357805631
0.7671021862205583 0.6256167358580813 -0.14197864526019152 0.014159750357805631
0.7671021862205583 0.14197864526019152 0.6256167358580813 0.014159750357805631
0.7671021862205583 0.14197864526019152 -0.6256167358580813 0.014159750357805631
0.7671021862205583 -0.14197864526019152 0.6256167358580813 0.014159750357805631
0.7671021862205583 -0.14197864526019152 -0.6256167358580813 0.014159750357805631
0.7671021862205583 -0.6256167358580813 0.14197864526019152 0.014159750357805631
0.7671021862205583 -0.6256167358580813 -0.14197864526019152 0.014159750357805631
0.7605829053152514 0.4590825874187623 0.4590825874187623 0.014003830134506807
0.7605829053152514 0.4590825874187623 -0.4590825874187623 0.014003830134506807
0.7605829053152514 -0.4590825874187623 0.4590825874187623 0.014003830134506807
0.7605829053152514 -0.4590825874187623 -0.4590825874187623 0.014003830134506807
0.7476206108340856 0.6029619156159182 0.2783888477882153 0.014109403473415284
0.7476206108340856 0.6029619156159182 -0.2783888477882153 0.014109403473415284
0.7476206108340856 0.2783888477882153 0.6029619156159182 0.014109403473415284
0.7476206108340856 0.2783888477882153 -0.6029619156159182 0.014109403473415284
0.7476206108340856 -0.2783888477882153 0.6029619156159182 0.014109403473415284
0.7476206108340856 -0.2783888477882153 -0.6029619156159182 0.014109403473415284
0.7476206108340856 -0.6029619156159182 0.2783888477882153 0.014109403473415284
0.7476206108340856 -0.6029619156159182 -0.2783888477882153 0.014109403473415284
0.7165918454670237 0.5674997546074372 0.4055122137872833 0.014096703837496135
0.7165918454670237 0.5674997546074372 -0.4055122137872833 0.014096703837496135
0.7165918454670237 0.4055122137872833 0.5674997546074372 0.014096703837496135
0.7165918454670237 0.4055122137872833 -0.5674997546074372 0.014096703837496135
0.7165918454670237 -0.4055122137872833 0.5674997546074372 0.014096703837496135
0.7165918454670237 -0.4055122137872833 -0.5674997546074372 0.014096703837496135
0.7165918454670237 -0.5674997546074372 0.4055122137872833 0.014096703837496135
0.7165918454670237 -0.5674997546074372 -0.4055122137872833 0.014096703837496135
0.7052907007457758 0.7052907007457758 0.07162440144995479 0.014262661433125127
0.7052907007457758 0.7052907007457758 -0.07162440144995479 0.014262661433125127
0.7052907007457758 0.07162440144995479 0.7052907007457758 0.014262661433125127
0.7052907007457758 0.07162440144995479 -0.7052907007457758 0.014262661433125127
0.7052907007457758 -0.07162440144995479 0.7052907007457758 0.014262661433125127
0.7052907007457758 -0.07162440144995479 -0.7052907007457758 0.014262661433125127
0.7052907007457758 -0.7052907007457758 0.07162440144995479 0.014262661433125127
0.7052907007457758 -0.7052907007457758 -0.07162440144995479 0.014262661433125127
0.69104103984983 0.69104103984983 0.2119541518501842 0.014203604477070845
0.69104103984983 0.69104103984983 -0.2119541518501842 0.014203604477070845
0.69104103984983 0.2119541518501842 0.69104103984983 0.014203604477070845
0.69104103984983 0.2119541518501842 -0.69104103984983 0.014203604477070845
0.69104103984983 -0.2119541518501842 0.69104103984983 0.014203604477070845
0.69104103984983 -0.2119541518501842 -0.69104103984983 0.014203604477070845
0.69104103984983 -0.69104103984983 0.2119541518501842 0.014203604477070845
0.69104103984983 -0.69104103984983 -0.2119541518501842 0.014203604477070845
0.6754009691084141 0.521456388841586 0.521456388841586 0.014121142155203641
0.6754009691084141 0.521456388841586 -0.521456388841586 0.014121142155203641
0.6754009691084141 -0.521456388841586 0.521456388841586 0.014121142155203641
0.6754009691084141 -0.521456388841586 -0.521456388841586 0.014121142155203641
0.6637926744523169 0.6637926744523169 0.34461365423743784 0.01415165938221302
0.6637926744523169 0.6637926744523169 -0.34461365423743784 0.01415165938221302
0.6637926744523169 0.34461365423743784 0.6637926744523169 0.01415165938221302
0.6637926744523169 0.34461365423743784 -0.6637926744523169 0.01415165938221302
0.6637926744523169 -0.34461365423743784 0.6637926744523169 0.01415165938221302
0.6637926744523169 -0.34461365423743784 -0.6637926744523169 0.01415165938221302
0.6637926744523169 -0.6637926744523169 0.34461365423743784 0.01415165938221302
0.6637926744523169 -0.6637926744523169 -0.34461365423743784 0.01415165938221302
0.6334563241139566 0.7737784472573748 0.0 0.014191203422653951
0.6334563241139566 0.0 0.7737784472573748 0.014191203422653951
0.6334563241139566 0.0 -0.7737784472573748 0.014191203422653951
0.6334563241139566 -0.7737784472573748 0.0 0.014191203422653951
0.6256167358580813 0.7671021862205583 0.14197864526019152 0.014159750357805631
0.6256167358580813 0.7671021862205583 -0.14197864526019152 0.014159750357805631
0.6256167358580813 0.14197864526019152 0.7671021862205583 0.014159750357805631
0.6256167358580813 0.14197864526019152 -0.7671021862205583 0.014159750357805631
0.6256167358580813 -0.14197864526019152 0.7671021862205583 0.014159750357805631
0.6256167358580813 -0.14197864526019152 -0.7671021862205583 0.014159750357805631
0.6256167358580813 -0.7671021862205583 0.14197864526019152 0.014159750357805631
0.6256167358580813 -0.7671021862205583 -0.14197864526019152 0.014159750357805631
0.6253170244654198 0.6253170244654198 0.4668589056957431 0.014140174390867545
0.6253170244654198 0.6253170244654198 -0.4668589056957431 0.014140174390867545
0.6253170244654198 0.4668589056957431 0.6253170244654198 0.014140174390867545
0.6253170244654198 0.4668589056957431 -0.6253170244654198 0.014140174390867545
0.6253170244654198 -0.4668589056957431 0.6253170244654198 0.014140174390867545
0.6253170244654198 -0.4668589056957431 -0.6253170244654198 0.014140174390867545
0.6253170244654198 -0.6253170244654198 0.4668589056957431 0.014140174390867545
0.6253170244654198 -0.6253170244654198 -0.4668589056957431 0.014140174390867545
0.6029619156159182 0.7476206108340856 0.2783888477882153 0.014109403473415284
0.6029619156159182 0.7476206108340856 -0.2783888477882153 0.014109403473415284
0.6029619156159182 0.2783888477882153 0.7476206108340856 0.014109403473415284
0.6029619156159182 0.2783888477882153 -0.7476206108340856 0.014109403473415284
0.6029619156159182 -0.2783888477882153 0.7476206108340856 0.014109403473415284
0.6029619156159182 -0.2783888477882153 -0.7476206108340856 0.014109403473415284
0.6029619156159182 -0.7476206108340856 0.2783888477882153 0.014109403473415284
0.6029619156159182 -0.7476206108340856 -0.2783888477882153 0.014109403473415284
0.5773502691896257 0.5773502691896257 0.5773502691896257 0.014146871801989641
0.5773502691896257 0.5773502691896257 -0.5773502691896257 0.014146871801989641
0.5773502691896257 -0.5773502691896257 0.5773502691896257 0.014146871801989641
0.5773502691896257 -0.5773502691896257 -0.5773502691896257 0.014146871801989641
0.5674997546074372 0.7165918454670237 0.4055122137872833 0.014096703837496135
0.5674997546074372 0.7165918454670237 -0.4055122137872833 0.014096703837496135
0.5674997546074372 0.4055122137872833 0.7165918454670237 0.014096703837496135
0.5674997546074372 0.4055122137872833 -0.7165918454670237 0.014096703837496135
0.5674997546074372 -0.4055122137872833 0.7165918454670237 0.014096703837496135
0.5674997546074372 -0.4055122137872833 -0.7165918454670237 0.014096703837496135
0.5674997546074372 -0.7165918454670237 0.4055122137872833 0.014096703837496135
0.5674997546074372 -0.7165918454670237 -0.4055122137872833 0.014096703837496135
0.5517505421423516 0.8310175524134741 0.07057738183256156 0.013935605720680524
0.5517505421423516 0.8310175524134741 -0.07057738183256156 0.013935605720680524
0.5517505421423516 0.07057738183256156 0.8310175524134741 0.013935605720680524
0.5517505421423516 0.07057738183256156 -0.8310175524134741 0.013935605720680524
0.5517505421423516 -0.07057738183256156 0.8310175524134741 0.013935605720680524
0.5517505421423516 -0.07057738183256156 -0.8310175524134741 0.013935605720680524
0.5517505421423516 -0.8310175524134741 0.07057738183256156 0.013935605720680524
0.5517505421423516 -0.8310175524134741 -0.07057738183256156 0.013935605720680524
0.5348666438135473 0.8187485362810214 0.2087307061103271 0.013914106100301004
0.5348666438135473 0.8187485362810214 -0.2087307061103271 0.013914106100301004
0.5348666438135473 0.2087307061103271 0.8187485362810214 0.013914106100301004
0.5348666438135473 0.2087307061103271 -0.8187485362810214 0.013914106100301004
0.5348666438135473 -0.2087307061103271 0.8187485362810214 0.013914106100301004
0.5348666438135473 -0.2087307061103271 -0.8187485362810214 0.013914106100301004
0.5348666438135473 -0.8187485362810214 0.2087307061103271 0.013914106100301004
0.5348666438135473 -0.8187485362810214 -0.2087307061103271 0.013914106100301004
0.521456388841586 0.6754009691084141 0.521456388841586 0.014121142155203641
0.521456388841586 0.6754009691084141 -0.521456388841586 0.014121142155203641
0.521456388841586 0.521456388841586 0.6754009691084141 0.014121142155203641
0.521456388841586 0.521456388841586 -0.6754009691084141 0.014121142155203641
0.521456388841586 -0.521456388841586 0.6754009691084141 0.014121142155203641
0.521456388841586 -0.521456388841586 -0.6754009691084141 0.014121142155203641
0.521456388841586 -0.6754009691084141 0.521456388841586 0.014121142155203641
0.521456388841586 -0.6754009691084141 -0.521456388841586 0.014121142155203641
0.5030673999662034 0.7949422999642083 0.33910165263362807 0.013930792413075255
0.5030673999662034 0.7949422999642083 -0.33910165263362807 0.013930792413075255
0.5030673999662034 0.33910165263362807 0.7949422999642083 0.013930792413075255
0.5030673999662034 0.33910165263362807 -0.7949422999642083 0.013930792413075255
0.5030673999662034 -0.33910165263362807 0.7949422999642083 0.013930792413075255
0.5030673999662034 -0.33910165263362807 -0.7949422999642083 0.013930792413075255
0.5030673999662034 -0.7949422999642083 0.33910165263362807 0.013930792413075255
0.5030673999662034 -0.7949422999642083 -0.33910165263362807 0.013930792413075255
0.46977538492076476 0.8827859807011816 0.0 0.01350168526987728
0.46977538492076476 0.0 0.8827859807011816 0.01350168526987728
0.46977538492076476 0.0 -0.8827859807011816 0.01350168526987728
0.46977538492076476 -0.8827859807011816 0.0 0.01350168526987728
0.4668589056957431 0.6253170244654198 0.6253170244654198 0.014140174390867545
0.4668589056957431 0.6253170244654198 -0.6253170244654198 0.014140174390867545
0.4668589056957431 -0.6253170244654198 0.6253170244654198 0.014140174390867545
0.4668589056957431 -0.6253170244654198 -0.6253170244654198 0.014140174390867545
0.46026219424840487 0.8770584618658025 0.13757604084736333 0.013512061888371915
0.46026219424840487 0.8770584618658025 -0.13757604084736333 0.013512061888371915
0.46026219424840487 0.13757604084736333 0.8770584618658025 0.013512061888371915
0.46026219424840487 0.13757604084736333 -0.8770584618658025 0.013512061888371915
0.46026219424840487 -0.13757604084736333 0.8770584618658025 0.013512061888371915
0.46026219424840487 -0.13757604084736333 -0.8770584618658025 0.013512061888371915
0.46026219424840487 -0.8770584618658025 0.13757604084736333 0.013512061888371915
0.46026219424840487 -0.8770584618658025 -0.13757604084736333 0.013512061888371915
0.4590825874187623 0.7605829053152514 0.4590825874187623 0.014003830134506807
0.4590825874187623 0.7605829053152514 -0.4590825874187623 0.014003830134506807
0.4590825874187623 0.4590825874187623 0.7605829053152514 0.014003830134506807
0.4590825874187623 0.4590825874187623 -0.7605829053152514 0.014003830134506807
0.4590825874187623 -0.4590825874187623 0.7605829053152514 0.014003830134506807
0.4590825874187623 -0.4590825874187623 -0.7605829053152514 0.014003830134506807
0.4590825874187623 -0.7605829053152514 0.4590825874187623 0.014003830134506807
0.4590825874187623 -0.7605829053152514 -0.4590825874187623 0.014003830134506807
0.4331561291720155 0.8601434616017619 0.26931207404135094 0.013580014917827968
0.4331561291720155 0.8601434616017619 -0.26931207404135094 0.013580014917827968
0.4331561291720155 0.26931207404135094 0.8601434616017619 0.013580014917827968
0.4331561291720155 0.26931207404135094 -0.8601434616017619 0.013580014917827968
0.4331561291720155 -0.26931207404135094 0.8601434616017619 0.013580014917827968
0.4331561291720155 -0.26931207404135094 -0.8601434616017619 0.013580014917827968
0.4331561291720155 -0.8601434616017619 0.26931207404135094 0.013580014917827968
0.4331561291720155 -0.8601434616017619 -0.26931207404135094 0.013580014917827968
0.4055122137872833 0.7165918454670237 0.5674997546074372 0.014096703837496135
0.4055122137872833 0.7165918454670237 -0.5674997546074372 0.014096703837496135
0.4055122137872833 0.5674997546074372 0.7165918454670237 0.014096703837496135
0.4055122137872833 0.5674997546074372 -0.7165918454670237 0.014096703837496135
0.4055122137872833 -0.5674997546074372 0.7165918454670237 0.014096703837496135
0.4055122137872833 -0.5674997546074372 -0.7165918454670237 0.014096703837496135
0.4055122137872833 -0.7165918454670237 0.5674997546074372 0.014096703837496135
0.4055122137872833 -0.7165918454670237 -0.5674997546074372 0.014096703837496135
0.39165207498499804 0.8325967237023518 0.39165207498499804 0.013732263488467768
0.39165207498499804 0.8325967237023518 -0.39165207498499804 0.013732263488467768
0.39165207498499804 0.39165207498499804 0.8325967237023518 0.013732263488467768
0.39165207498499804 0.39165207498499804 -0.8325967237023518 0.013732263488467768
0.39165207498499804 -0.39165207498499804 0.8325967237023518 0.013732263488467768
0.39165207498499804 -0.39165207498499804 -0.8325967237023518 0.013732263488467768
0.39165207498499804 -0.8325967237023518 0.39165207498499804 0.013732263488467768
0.39165207498499804 -0.8325967237023518 -0.39165207498499804 0.013732263488467768
0.37983952168591545 0.9226161107308088 0.06709284600738241 0.012849977455837781
0.37983952168591545 0.9226161107308088 -0.06709284600738241 0.012849977455837781
0.37983952168591545 0.06709284600738241 0.9226161107308088 0.012849977455837781
0.37983952168591545 0.06709284600738241 -0.9226161107308088 0.012849977455837781
0.37983952168591545 -0.06709284600738241 0.9226161107308088 0.012849977455837781
0.37983952168591545 -0.06709284600738241 -0.9226161107308088 0.012849977455837781
0.37983952168591545 -0.9226161107308088 0.06709284600738241 0.012849977455837781
0.37983952168591545 -0.9226161107308088 -0.06709284600738241 0.012849977455837781
0.3589606329589095 0.9121183784091214 0.1979578938917405 0.0129735442338212
0.3589606329589095 0.9121183784091214 -0.1979578938917405 0.0129735442338212
0.3589606329589095 0.1979578938917405 0.9121183784091214 0.0129735442338212
0.3589606329589095 0.1979578938917405 -0.9121183784091214 0.0129735442338212
0.3589606329589095 -0.1979578938917405 0.9121183784091214 0.0129735442338212
0.3589606329589095 -0.1979578938917405 -0.9121183784091214 0.0129735442338212
0.3589606329589095 -0.9121183784091214 0.1979578938917405 0.0129735442338212
0.3589606329589095 -0.9121183784091214 -0.1979578938917405 0.0129735442338212
0.34461365423743784 0.6637926744523169 0.6637926744523169 0.01415165938221302
0.34461365423743784 0.6637926744523169 -0.6637926744523169 0.01415165938221302
0.34461365423743784 -0.6637926744523169 0.6637926744523169 0.01415165938221302
0.34461365423743784 -0.6637926744523169 -0.6637926744523169 0.01415165938221302
0.33910165263362807 0.7949422999642083 0.5030673999662034 0.013930792413075255
0.33910165263362807 0.7949422999642083 -0.5030673999662034 0.013930792413075255
0.33910165263362807 0.5030673999662034 0.7949422999642083 0.013930792413075255
0.33910165263362807 0.5030673999662034 -0.7949422999642083 0.013930792413075255
0.33910165263362807 -0.5030673999662034 0.7949422999642083 0.013930792413075255
0.33910165263362807 -0.5030673999662034 -0.7949422999642083 0.013930792413075255
0.33910165263362807 -0.7949422999642083 0.5030673999662034 0.013930792413075255
0.33910165263362807 -0.7949422999642083 -0.5030673999662034 0.013930792413075255
0.32065671239559546 0.8912679426476059 0.32065671239559546 0.013236154168341847
0.32065671239559546 0.8912679426476059 -0.32065671239559546 0.013236154168341847
0.32065671239559546 0.32065671239559546 0.8912679426476059 0.013236154168341847
0.32065671239559546 0.32065671239559546 -0.8912679426476059 0.013236154168341847
0.32065671239559546 -0.32065671239559546 0.8912679426476059 0.013236154168341847
0.32065671239559546 -0.32065671239559546 -0.8912679426476059 0.013236154168341847
0.32065671239559546 -0.8912679426476059 0.32065671239559546 0.013236154168341847
0.32065671239559546 -0.8912679426476059 -0.32065671239559546 0.013236154168341847
0.2940777114468385 0.9557815124965485 0.0 0.011880445529098286
0.2940777114468385 0.0 0.9557815124965485 0.011880445529098286
0.2940777114468385 0.0 -0.9557815124965485 0.011880445529098286
0.2940777114468385 -0.9557815124965485 0.0 0.011880445529098286
0.2817606422442132 0.9510201693743899 0.12716751914398175 0.012021587439174114
0.2817606422442132 0.9510201693743899 -0.12716751914398175 0.012021587439174114
0.2817606422442132 0.12716751914398175 0.9510201693743899 0.012021587439174114
0.2817606422442132 0.12716751914398175 -0.9510201693743899 0.012021587439174114
0.2817606422442132 -0.12716751914398175 0.9510201693743899 0.012021587439174114
0.2817606422442132 -0.12716751914398175 -0.9510201693743899 0.012021587439174114
0.2817606422442132 -0.9510201693743899 0.12716751914398175 0.012021587439174114
0.2817606422442132 -0.9510201693743899 -0.12716751914398175 0.012021587439174114
0.2783888477882153 0.7476206108340856 0.6029619156159182 0.014109403473415284
0.2783888477882153 0.7476206108340856 -0.6029619156159182 0.014109403473415284
0.2783888477882153 0.6029619156159182 0.7476206108340856 0.014109403473415284
0.2783888477882153 0.6029619156159182 -0.7476206108340856 0.014109403473415284
0.2783888477882153 -0.6029619156159182 0.7476206108340856 0.014109403473415284
0.2783888477882153 -0.6029619156159182 -0.7476206108340856 0.014109403473415284
0.2783888477882153 -0.7476206108340856 0.6029619156159182 0.014109403473415284
0.2783888477882153 -0.7476206108340856 -0.6029619156159182 0.014109403473415284
0.26931207404135094 0.8601434616017619 0.4331561291720155 0.013580014917827968
0.26931207404135094 0.8601434616017619 -0.4331561291720155 0.013580014917827968
0.26931207404135094 0.4331561291720155 0.8601434616017619 0.013580014917827968
0.26931207404135094 0.4331561291720155 -0.8601434616017619 0.013580014917827968
0.26931207404135094 -0.4331561291720155 0.8601434616017619 0.013580014917827968
0.26931207404135094 -0.4331561291720155 -0.8601434616017619 0.013580014917827968
0.26931207404135094 -0.8601434616017619 0.4331561291720155 0.013580014917827968
0.26931207404135094 -0.8601434616017619 -0.4331561291720155 0.013580014917827968
0.2477653379650256 0.936602730407163 0.2477653379650256 0.01242606437075663
0.2477653379650256 0.936602730407163 -0.2477653379650256 0.01242606437075663
0.2477653379650256 0.2477653379650256 0.936602730407163 0.01242606437075663
0.2477653379650256 0.2477653379650256 -0.936602730407163 0.01242606437075663
0.2477653379650256 -0.2477653379650256 0.936602730407163 0.01242606437075663
0.2477653379650256 -0.2477653379650256 -0.936602730407163 0.01242606437075663
0.2477653379650256 -0.936602730407163 0.2477653379650256 0.01242606437075663
0.2477653379650256 -0.936602730407163 -0.2477653379650256 0.01242606437075663
0.2119541518501842 0.69104103984983 0.69104103984983 0.014203604477070845
0.2119541518501842 0.69104103984983 -0.69104103984983 0.014203604477070845
0.2119541518501842 -0.69104103984983 0.69104103984983 0.014203604477070845
0.2119541518501842 -0.69104103984983 -0.69104103984983 0.014203604477070845
0.2087307061103271 0.8187485362810214 0.5348666438135473 0.013914106100301004
0.2087307061103271 0.8187485362810214 -0.5348666438135473 0.013914106100301004
0.2087307061103271 0.5348666438135473 0.8187485362810214 0.013914106100301004
0.2087307061103271 0.5348666438135473 -0.8187485362810214 0.013914106100301004
0.2087307061103271 -0.5348666438135473 0.8187485362810214 0.013914106100301004
0.2087307061103271 -0.5348666438135473 -0.8187485362810214 0.013914106100301004
0.2087307061103271 -0.8187485362810214 0.5348666438135473 0.013914106100301004
0.2087307061103271 -0.8187485362810214 -0.5348666438135473 0.013914106100301004
0.20291287527775223 0.9773727228453098 0.05974048614181333 0.01060210174688521
0.20291287527775223 0.9773727228453098 -0.05974048614181333 0.01060210174688521
0.20291287527775223 0.05974048614181333 0.9773727228453098 0.01060210174688521
0.20291287527775223 0.05974048614181333 -0.9773727228453098 0.01060210174688521
0.20291287527775223 -0.05974048614181333 0.9773727228453098 0.01060210174688521
0.20291287527775223 -0.05974048614181333 -0.9773727228453098 0.01060210174688521
0.20291287527775223 -0.9773727228453098 0.05974048614181333 0.01060210174688521
0.20291287527775223 -0.9773727228453098 -0.05974048614181333 0.01060210174688521
0.1979578938917405 0.9121183784091214 0.3589606329589095 0.0129735442338212
0.1979578938917405 0.9121183784091214 -0.3589606329589095 0.0129735442338212
0.1979578938917405 0.3589606329589095 0.9121183784091214 0.0129735442338212
0.1979578938917405 0.3589606329589095 -0.9121183784091214 0.0129735442338212
0.1979578938917405 -0.3589606329589095 0.9121183784091214 0.0129735442338212
0.1979578938917405 -0.3589606329589095 -0.9121183784091214 0.0129735442338212
0.1979578938917405 -0.9121183784091214 0.3589606329589095 0.0129735442338212
0.1979578938917405 -0.9121183784091214 -0.3589606329589095 0.0129735442338212
0.1750024867623082 0.9688902204347074 0.1750024867623082 0.011170413684440144
0.1750024867623082 0.9688902204347074 -0.1750024867623082 0.011170413684440144
0.1750024867623082 0.1750024867623082 0.9688902204347074 0.011170413684440144
0.1750024867623082 0.1750024867623082 -0.9688902204347074 0.011170413684440144
0.1750024867623082 -0.1750024867623082 0.9688902204347074 0.011170413684440144
0.1750024867623082 -0.1750024867623082 -0.9688902204347074 0.011170413684440144
0.1750024867623082 -0.9688902204347074 0.1750024867623082 0.011170413684440144
0.1750024867623082 -0.9688902204347074 -0.1750024867623082 0.011170413684440144
0.14197864526019152 0.7671021862205583 0.6256167358580813 0.014159750357805631
0.14197864526019152 0.7671021862205583 -0.6256167358580813 0.014159750357805631
0.14197864526019152 0.6256167358580813 0.7671021862205583 0.014159750357805631
0.14197864526019152 0.6256167358580813 -0.7671021862205583 0.014159750357805631
0.14197864526019152 -0.6256167358580813 0.7671021862205583 0.014159750357805631
0.14197864526019152 -0.6256167358580813 -0.7671021862205583 0.014159750357805631
0.14197864526019152 -0.7671021862205583 0.6256167358580813 0.014159750357805631
0.14197864526019152 -0.7671021862205583 -0.6256167358580813 0.014159750357805631
0.13757604084736333 0.8770584618658025 0.46026219424840487 0.013512061888371915
0.13757604084736333 0.8770584618658025 -0.46026219424840487 0.013512061888371915
0.13757604084736333 0.46026219424840487 0.8770584618658025 0.013512061888371915
0.13757604084736333 0.46026219424840487 -0.8770584618658025 0.013512061888371915
0.13757604084736333 -0.46026219424840487 0.8770584618658025 0.013512061888371915
0.13757604084736333 -0.46026219424840487 -0.8770584618658025 0.013512061888371915
0.13757604084736333 -0.8770584618658025 0.46026219424840487 0.013512061888371915
0.13757604084736333 -0.8770584618658025 -0.46026219424840487 0.013512061888371915
0.12716751914398175 0.9510201693743899 0.2817606422442132 0.012021587439174114
0.12716751914398175 0.9510201693743899 -0.2817606422442132 0.012021587439174114
0.12716751914398175 0.2817606422442132 0.9510201693743899 0.012021587439174114
0.12716751914398175 0.2817606422442132 -0.9510201693743899 0.012021587439174114
0.12716751914398175 -0.2817606422442132 0.9510201693743899 0.012021587439174114
0.12716751914398175 -0.2817606422442132 -0.9510201693743899 0.012021587439174114
0.12716751914398175 -0.9510201693743899 0.2817606422442132 0.012021587439174114
0.12716751914398175 -0.9510201693743899 -0.2817606422442132 0.012021587439174114
0.12366867626579855 0.9923235654314901 0.0 0.008574497021019596
0.12366867626579855 0.0 0.9923235654314901 0.008574497021019596
0.12366867626579855 0.0 -0.9923235654314901 0.008574497021019596
0.12366867626579855 -0.9923235654314901 0.0 0.008574497021019596
0.10514268540864001 0.9888832243546856 0.10514268540864001 0.009246323068811667
0.10514268540864001 0.9888832243546856 -0.10514268540864001 0.009246323068811667
0.10514268540864001 0.10514268540864001 0.9888832243546856 0.009246323068811667
0.10514268540864001 0.10514268540864001 -0.9888832243546856 0.009246323068811667
0.10514268540864001 -0.10514268540864001 0.9888832243546856 0.009246323068811667
0.10514268540864001 -0.10514268540864001 -0.9888832243546856 0.009246323068811667
0.10514268540864001 -0.9888832243546856 0.10514268540864001 0.009246323068811667
0.10514268540864001 -0.9888832243546856 -0.10514268540864001 0.009246323068811667
0.07162440144995479 0.7052907007457758 0.7052907007457758 0.014262661433125127
0.07162440144995479 0.7052907007457758 -0.7052907007457758 0.014262661433125127
0.07162440144995479 -0.7052907007457758 0.7052907007457758 0.014262661433125127
0.07162440144995479 -0.7052907007457758 -0.7052907007457758 0.014262661433125127
0.07057738183256156 0.8310175524134741 0.5517505421423516 0.013935605720680524
0.07057738183256156 0.8310175524134741 -0.5517505421423516 0.013935605720680524
0.07057738183256156 0.5517505421423516 0.8310175524134741 0.013935605720680524
0.07057738183256156 0.5517505421423516 -0.8310175524134741 0.013935605720680524
0.07057738183256156 -0.5517505421423516 0.8310175524134741 0.013935605720680524
0.07057738183256156 -0.5517505421423516 -0.8310175524134741 0.013935605720680524
0.07057738183256156 -0.8310175524134741 0.5517505421423516 0.013935605720680524
0.07057738183256156 -0.8310175524134741 -0.5517505421423516 0.013935605720680524
0.06709284600738241 0.9226161107308088 0.37983952168591545 0.012849977455837781
0.06709284600738241 0.9226161107308088 -0.37983952168591545 0.012849977455837781
0.06709284600738241 0.37983952168591545 0.9226161107308088 0.012849977455837781
0.06709284600738241 0.37983952168591545 -0.9226161107308088 0.012849977455837781
0.06709284600738241 -0.37983952168591545 0.9226161107308088 0.012849977455837781
0.06709284600738241 -0.37983952168591545 -0.9226161107308088 0.012849977455837781
0.06709284600738241 -0.9226161107308088 0.37983952168591545 0.012849977455837781
0.06709284600738241 -0.9226161107308088 -0.37983952168591545 0.012849977455837781
0.05974048614181333 0.9773727228453098 0.20291287527775223 0.01060210174688521
0.05974048614181333 0.9773727228453098 -0.20291287527775223 0.01060210174688521
0.05974048614181333 0.20291287527775223 0.9773727228453098 0.01060210174688521
0.05974048614181333 0.20291287527775223 -0.9773727228453098 0.01060210174688521
0.05974048614181333 -0.20291287527775223 0.9773727228453098 0.01060210174688521
0.05974048614181333 -0.20291287527775223 -0.9773727228453098 0.01060210174688521
0.05974048614181333 -0.9773727228453098 0.20291287527775223 0.01060210174688521
0.05974048614181333 -0.9773727228453098 -0.20291287527775223 0.01060210174688521
0.042929635453413384 0.9981553450238465 0.042929635453413384 0.006217877052166743
0.042929635453413384 0.9981553450238465 -0.042929635453413384 0.006217877052166743
0.042929635453413384 0.042929635453413384 0.9981553450238465 0.006217877052166743
0.042929635453413384 0.042929635453413384 -0.9981553450238465 0.006217877052166743
0.042929635453413384 -0.042929635453413384 0.9981553450238465 0.006217877052166743
0.042929635453413384 -0.042929635453413384 -0.9981553450238465 0.006217877052166743
0.042929635453413384 -0.9981553450238465 0.042929635453413384 0.006217877052166743
0.042929635453413384 -0.9981553450238465 -0.042929635453413384 0.006217877052166743
0.0 1.0 0.0 0.0018074137850679706
0.0 0.9923235654314901 0.12366867626579855 0.008574497021019596
0.0 0.9923235654314901 -0.12366867626579855 0.008574497021019596
0.0 0.9557815124965485 0.2940777114468385 0.011880445529098286
0.0 0.9557815124965485 -0.2940777114468385 0.011880445529098286
0.0 0.8827859807011816 0.46977538492076476 0.01350168526987728
0.0 0.8827859807011816 -0.46977538492076476 0.01350168526987728
0.0 0.7737784472573748 0.6334563241139566 0.014191203422653951
0.0 0.7737784472573748 -0.6334563241139566 0.014191203422653951
0.0 0.6334563241139566 0.7737784472573748 0.014191203422653951
0.0 0.6334563241139566 -0.7737784472573748 0.014191203422653951
0.0 0.46977538492076476 0.8827859807011816 0.01350168526987728
0.0 0.46977538492076476 -0.8827859807011816 0.01350168526987728
0.0 0.2940777114468385 0.9557815124965485 0.011880445529098286
0.0 0.2940777114468385 -0.9557815124965485 0.011880445529098286
0.0 0.12366867626579855 0.9923235654314901 0.008574497021019596
0.0 0.12366867626579855 -0.9923235654314901 0.008574497021019596
0.0 0.0 1.0 0.0018074137850679706
0.0 0.0 -1.0 0.0018074137850679706
0.0 -0.12366867626579855 0.9923235654314901 0.008574497021019596
0.0 -0.12366867626579855 -0.9923235654314901 0.008574497021019596
0.0 -0.2940777114468385 0.9557815124965485 0.011880445529098286
0.0 -0.2940777114468385 -0.9557815124965485 0.011880445529098286
0.0 -0.46977538492076476 0.8827859807011816 0.01350168526987728
0.0 -0.46977538492076476 -0.8827859807011816 0.01350168526987728
0.0 -0.6334563241139566 0.7737784472573748 0.014191203422653951
0.0 -0.6334563241139566 -0.7737784472573748 0.014191203422653951
0.0 -0.7737784472573748 0.6334563241139566 0.014191203422653951
0.0 -0.7737784472573748 -0.6334563241139566 0.014191203422653951
0.0 -0.8827859807011816 0.46977538492076476 0.01350168526987728
0.0 -0.8827859807011816 -0.46977538492076476 0.01350168526987728
0.0 -0.9557815124965485 0.2940777114468385 0.011880445529098286
0.0 -0.9557815124965485 -0.2940777114468385 0.011880445529098286
0.0 -0.9923235654314901 0.12366867626579855 0.008574497021019596
0.0 -0.9923235654314901 -0.12366867626579855 0.008574497021019596
0.0 -1.0 0.0 0.0018074137850679706
-0.042929635453413384 0.9981553450238465 0.042929635453413384 0.006217877052166743
-0.042929635453413384 0.9981553450238465 -0.042929635453413384 0.006217877052166743
-0.042929635453413384 0.042929635453413384 0.9981553450238465 0.006217877052166743
-0.042929635453413384 0.042929635453413384 -0.9981553450238465 0.006217877052166743
-0.042929635453413384 -0.042929635453413384 0.9981553450238465 0.006217877052166743
-0.042929635453413384 -0.042929635453413384 -0.9981553450238465 0.006217877052166743
-0.042929635453413384 -0.9981553450238465 0.042929635453413384 0.006217877052166743
-0.042929635453413384 -0.9981553450238465 -0.042929635453413384 0.006217877052166743
-0.05974048614181333 0.9773727228453098 0.20291287527775223 0.01060210174688521
-0.05974048614181333 0.9773727228453098 -0.20291287527775223 0.01060210174688521
-0.05974048614181333 0.20291287527775223 0.9773727228453098 0.01060210174688521
-0.05974048614181333 0.20291287527775223 -0.9773727228453098 0.01060210174688521
-0.05974048614181333 -0.20291287527775223 0.9773727228453098 0.01060210174688521
-0.05974048614181333 -0.20291287527775223 -0.9773727228453098 0.01060210174688521
-0.05974048614181333 -0.9773727228453098 0.20291287527775223 0.01060210174688521
-0.05974048614181333 -0.9773727228453098 -0.20291287527775223 0.01060210174688521
-0.06709284600738241 0.9226161107308088 0.37983952168591545 0.012849977455837781
-0.06709284600738241 0.9226161107308088 -0.37983952168591545 0.012849977455837781
-0.06709284600738241 0.37983952168591545 0.9226161107308088 0.012849977455837781
-0.06709284600738241 0.37983952168591545 -0.9226161107308088 0.012849977455837781
-0.06709284600738241 -0.37983952168591545 0.9226161107308088 0.012849977455837781
-0.06709284600738241 -0.37983952168591545 -0.9226161107308088 0.012849977455837781
-0.06709284600738241 -0.9226161107308088 0.37983952168591545 0.012849977455837781
-0.06709284600738241 -0.9226161107308088 -0.37983952168591545 0.012849977455837781
-0.07057738183256156 0.8310175524134741 0.5517505421423516 0.013935605720680524
-0.07057738183256156 0.8310175524134741 -0.5517505421423516 0.013935605720680524
-0.07057738183256156 0.5517505421423516 0.8310175524134741 0.013935605720680524
-0.07057738183256156 0.5517505421423516 -0.8310175524134741 0.013935605720680524
-0.07057738183256156 -0.5517505421423516 0.8310175524134741 0.013935605720680524
-0.07057738183256156 -0.5517505421423516 -0.8310175524134741 0.013935605720680524
-0.07057738183256156 -0.8310175524134741 0.5517505421423516 0.013935605720680524
-0.07057738183256156 -0.8310175524134741 -0.5517505421423516 0.013935605720680524
-0.07162440144995479 0.7052907007457758 0.7052907007457758 0.014262661433125127
-0.07162440144995479 0.7052907007457758 -0.7052907007457758 0.014262661433125127
-0.07162440144995479 -0.7052907007457758 0.7052907007457758 0.014262661433125127
-0.07162440144995479 -0.7052907007457758 -0.7052907007457758 0.014262661433125127
-0.10514268540864001 0.9888832243546856 0.10514268540864001 0.009246323068811667
-0.10514268540864001 0.9888832243546856 -0.10514268540864001 0.009246323068811667
-0.10514268540864001 0.10514268540864001 0.9888832243546856 0.009246323068811667
-0.10514268540864001 0.10514268540864001 -0.9888832243546856 0.009246323068811667
-0.10514268540864001 -0.10514268540864001 0.9888832243546856 0.009246323068811667
-0.10514268540864001 -0.10514268540864001 -0.9888832243546856 0.009246323068811667
-0.10514268540864001 -0.9888832243546856 0.10514268540864001 0.009246323068811667
-0.10514268540864001 -0.9888832243546856 -0.10514268540864001 0.009246323068811667
-0.12366867626579855 0.9923235654314901 0.0 0.008574497021019596
-0.12366867626579855 0.0 0.9923235654314901 0.008574497021019596
-0.12366867626579855 0.0 -0.9923235654314901 0.008574497021019596
-0.12366867626579855 -0.9923235654314901 0.0 0.008574497021019596
-0.12716751914398175 0.9510201693743899 0.2817606422442132 0.012021587439174114
-0.12716751914398175 0.9510201693743899 -0.2817606422442132 0.012021587439174114
-0.12716751914398175 0.2817606422442132 0.9510201693743899 0.012021587439174114
-0.12716751914398175 0.2817606422442132 -0.9510201693743899 0.012021587439174114
-0.12716751914398175 -0.2817606422442132 0.9510201693743899 0.012021587439174114
-0.12716751914398175 -0.2817606422442132 -0.9510201693743899 0.012021587439174114
-0.12716751914398175 -0.9510201693743899 0.2817606422442132 0.012021587439174114
-0.12716751914398175 -0.9510201693743899 -0.2817606422442132 0.012021587439174114
-0.13757604084736333 0.8770584618658025 0.46026219424840487 0.013512061888371915
-0.13757604084736333 0.8770584618658025 -0.46026219424840487 0.013512061888371915
-0.13757604084736333 0.46026219424840487 0.8770584618658025 0.013512061888371915
-0.13757604084736333 0.46026219424840487 -0.8770584618658025 0.013512061888371915
-0.13757604084736333 -0.46026219424840487 0.8770584618658025 0.013512061888371915
-0.13757604084736333 -0.46026219424840487 -0.8770584618658025 0.013512061888371915
-0.13757604084736333 -0.8770584618658025 0.46026219424840487 0.013512061888371915
-0.13757604084736333 -0.8770584618658025 -0.46026219424840487 0.013512061888371915
-0.14197864526019152 0.7671021862205583 0.6256167358580813 0.014159750357805631
-0.14197864526019152 0.7671021862205583 -0.6256167358580813 0.014159750357805631
-0.14197864526019152 0.6256167358580813 0.7671021862205583 0.014159750357805631
-0.14197864526019152 0.6256167358580813 -0.7671021862205583 0.014159750357805631
-0.14197864526019152 -0.6256167358580813 0.7671021862205583 0.014159750357805631
-0.14197864526019152 -0.6256167358580813 -0.7671021862205583 0.014159750357805631
-0.14197864526019152 -0.7671021862205583 0.6256167358580813 0.014159750357805631
-0.14197864526019152 -0.7671021862205583 -0.6256167358580813 0.014159750357805631
-0.1750024867623082 0.9688902204347074 0.1750024867623082 0.011170413684440144
-0.1750024867623082 0.9688902204347074 -0.1750024867623082 0.011170413684440144
-0.1750024867623082 0.1750024867623082 0.9688902204347074 0.011170413684440144
-0.1750024867623082 0.1750024867623082 -0.9688902204347074 0.011170413684440144
-0.1750024867623082 -0.1750024867623082 0.9688902204347074 0.011170413684440144
-0.1750024867623082 -0.1750024867623082 -0.9688902204347074 0.011170413684440144
-0.1750024867623082 -0.9688902204347074 0.1750024867623082 0.011170413684440144
-0.1750024867623082 -0.9688902204347074 -0.1750024867623082 0.011170413684440144
-0.1979578938917405 0.9121183784091214 0.3589606329589095 0.0129735442338212
-0.1979578938917405 0.9121183784091214 -0.3589606329589095 0.0129735442338212
-0.1979578938917405 0.3589606329589095 0.9121183784091214 0.0129735442338212
-0.1979578938917405 0.3589606329589095 -0.9121183784091214 0.0129735442338212
-0.1979578938917405 -0.3589606329589095 0.9121183784091214 0.0129735442338212
-0.1979578938917405 -0.3589606329589095 -0.9121183784091214 0.0129735442338212
-0.1979578938917405 -0.9121183784091214 0.3589606329589095 0.0129735442338212
-0.1979578938917405 -0.9121183784091214 -0.3589606329589095 0.0129735442338212
-0.20291287527775223 0.9773727228453098 0.05974048614181333 0.01060210174688521
-0.20291287527775223 0.9773727228453098 -0.05974048614181333 0.01060210174688521
-0.20291287527775223 0.05974048614181333 0.9773727228453098 0.01060210174688521
-0.20291287527775223 0.05974048614181333 -0.9773727228453098 0.01060210174688521
-0.20291287527775223 -0.05974048614181333 0.9773727228453098 0.01060210174688521
-0.20291287527775223 -0.05974048614181333 -0.9773727228453098 0.01060210174688521
-0.20291287527775223 -0.9773727228453098 0.05974048614181333 0.01060210174688521
-0.20291287527775223 -0.9773727228453098 -0.05974048614181333 0.01060210174688521
-0.2087307061103271 0.8187485362810214 0.5348666438135473 0.013914106100301004
-0.2087307061103271 0.8187485362810214 -0.5348666438135473 0.013914106100301004
-0.2087307061103271 0.5348666438135473 0.8187485362810214 0.013914106100301004
-0.2087307061103271 0.5348666438135473 -0.8187485362810214 0.013914106100301004
-0.2087307061103271 -0.5348666438135473 0.8187485362810214 0.013914106100301004
-0.2087307061103271 -0.5348666438135473 -0.8187485362810214 0.013914106100301004
-0.2087307061103271 -0.8187485362810214 0.5348666438135473 0.013914106100301004
-0.2087307061103271 -0.8187485362810214 -0.5348666438135473 0.013914106100301004
-0.2119541518501842 0.69104103984983 0.69104103984983 0.014203604477070845
-0.2119541518501842 0.69104103984983 -0.69104103984983 0.014203604477070845
-0.2119541518501842 -0.69104103984983 0.69104103984983 0.014203604477070845
-0.2119541518501842 -0.69104103984983 -0.69104103984983 0.014203604477070845
-0.2477653379650256 0.936602730407163 0.2477653379650256 0.01242606437075663
-0.2477653379650256 0.936602730407163 -0.2477653379650256 0.01242606437075663
-0.2477653379650256 0.2477653379650256 0.936602730407163 0.01242606437075663
-0.2477653379650256 0.2477653379650256 -0.936602730407163 0.01242606437075663
-0.2477653379650256 -0.2477653379650256 0.936602730407163 0.01242606437075663
-0.2477653379650256 -0.2477653379650256 -0.936602730407163 0.01242606437075663
-0.2477653379650256 -0.936602730407163 0.2477653379650256 0.01242606437075663
-0.2477653379650256 -0.936602730407163 -0.2477653379650256 0.01242606437075663
-0.26931207404135094 0.8601434616017619 0.4331561291720155 0.013580014917827968
-0.26931207404135094 0.8601434616017619 -0.4331561291720155 0.013580014917827968
-0.26931207404135094 0.4331561291720155 0.8601434616017619 0.013580014917827968
-0.26931207404135094 0.4331561291720155 -0.8601434616017619 0.013580014917827968
-0.26931207404135094 -0.4331561291720155 0.8601434616017619 0.013580014917827968
-0.26931207404135094 -0.4331561291720155 -0.8601434616017619 0.013580014917827968
-0.26931207404135094 -0.8601434616017619 0.4331561291720155 0.013580014917827968
-0.26931207404135094 -0.8601434616017619 -0.4331561291720155 0.013580014917827968
-0.2783888477882153 0.7476206108340856 0.6029619156159182 0.014109403473415284
-0.2783888477882153 0.7476206108340856 -0.6029619156159182 0.014109403473415284
-0.2783888477882153 0.6029619156159182 0.7476206108340856 0.014109403473415284
-0.2783888477882153 0.6029619156159182 -0.7476206108340856 0.014109403473415284
-0.2783888477882153 -0.6029619156159182 0.7476206108340856 0.014109403473415284
-0.2783888477882153 -0.6029619156159182 -0.7476206108340856 0.014109403473415284
-0.2783888477882153 -0.7476206108340856 0.6029619156159182 0.014109403473415284
-0.2783888477882153 -0.7476206108340856 -0.6029619156159182 0.014109403473415284
-0.2817606422442132 0.9510201693743899 0.12716751914398175 0.012021587439174114
-0.2817606422442132 0.9510201693743899 -0.12716751914398175 0.012021587439174114
-0.2817606422442132 0.12716751914398175 0.9510201693743899 0.012021587439174114
-0.2817606422442132 0.12716751914398175 -0.9510201693743899 0.012021587439174114
-0.2817606422442132 -0.12716751914398175 0.9510201693743899 0.012021587439174114
-0.2817606422442132 -0.12716751914398175 -0.9510201693743899 0.012021587439174114
-0.2817606422442132 -0.9510201693743899 0.12716751914398175 0.012021587439174114
-0.2817606422442132 -0.9510201693743899 -0.12716751914398175 0.012021587439174114
-0.2940777114468385 0.9557815124965485 0.0 0.011880445529098286
-0.2940777114468385 0.0 0.9557815124965485 0.011880445529098286
-0.2940777114468385 0.0 -0.9557815124965485 0.011880445529098286
-0.2940777114468385 -0.9557815124965485 0.0 0.011880445529098286
-0.32065671239559546 0.8912679426476059 0.32065671239559546 0.013236154168341847
-0.32065671239559546 0.8912679426476059 -0.32065671239559546 0.013236154168341847
-0.32065671239559546 0.32065671239559546 0.8912679426476059 0.013236154168341847
-0.32065671239559546 0.32065671239559546 -0.8912679426476059 0.013236154168341847
-0.32065671239559546 -0.32065671239559546 0.8912679426476059 0.013236154168341847
-0.32065671239559546 -0.32065671239559546 -0.8912679426476059 0.013236154168341847
-0.32065671239559546 -0.8912679426476059 0.32065671239559546 0.013236154168341847
-0.32065671239559546 -0.8912679426476059 -0.32065671239559546 0.013236154168341847
-0.33910165263362807 0.7949422999642083 0.5030673999662034 0.013930792413075255
-0.33910165263362807 0.7949422999642083 -0.5030673999662034 0.013930792413075255
-0.33910165263362807 0.5030673999662034 0.7949422999642083 0.013930792413075255
-0.33910165263362807 0.5030673999662034 -0.7949422999642083 0.013930792413075255
-0.33910165263362807 -0.5030673999662034 0.7949422999642083 0.013930792413075255
-0.33910165263362807 -0.5030673999662034 -0.7949422999642083 0.013930792413075255
-0.33910165263362807 -0.7949422999642083 0.5030673999662034 0.013930792413075255
-0.33910165263362807 -0.7949422999642083 -0.5030673999662034 0.013930792413075255
-0.34461365423743784 0.6637926744523169 0.6637926744523169 0.01415165938221302
-0.34461365423743784 0.6637926744523169 -0.6637926744523169 0.01415165938221302
-0.34461365423743784 -0.6637926744523169 0.6637926744523169 0.01415165938221302
-0.34461365423743784 -0.6637926744523169 -0.6637926744523169 0.01415165938221302
-0.3589606329589095 0.9121183784091214 0.1979578938917405 0.0129735442338212
-0.3589606329589095 0.9121183784091214 -0.1979578938917405 0.0129735442338212
-0.3589606329589095 0.1979578938917405 0.9121183784091214 0.0129735442338212
-0.3589606329589095 0.1979578938917405 -0.9121183784091214 0.0129735442338212
-0.3589606329589095 -0.1979578938917405 0.9121183784091214 0.0129735442338212
-0.3589606329589095 -0.1979578938917405 -0.9121183784091214 0.0129735442338212
-0.3589606329589095 -0.9121183784091214 0.1979578938917405 0.0129735442338212
-0.3589606329589095 -0.9121183784091214 -0.1979578938917405 0.0129735442338212
-0.37983952168591545 0.9226161107308088 0.06709284600738241 0.012849977455837781
-0.37983952168591545 0.9226161107308088 -0.06709284600738241 0.012849977455837781
-0.37983952168591545 0.06709284600738241 0.9226161107308088 0.012849977455837781
-0.37983952168591545 0.06709284600738241 -0.9226161107308088 0.012849977455837781
-0.37983952168591545 -0.06709284600738241 0.9226161107308088 0.012849977455837781
-0.37983952168591545 -0.06709284600738241 -0.9226161107308088 0.012849977455837781
-0.37983952168591545 -0.9226161107308088 0.06709284600738241 0.012849977455837781
-0.37983952168591545 -0.9226161107308088 -0.06709284600738241 0.012849977455837781
-0.39165207498499804 0.8325967237023518 0.39165207498499804 0.013732263488467768
-0.39165207498499804 0.8325967237023518 -0.39165207498499804 0.013732263488467768
-0.39165207498499804 0.39165207498499804 0.8325967237023518 0.013732263488467768
-0.39165207498499804 0.39165207498499804 -0.8325967237023518 0.013732263488467768
-0.39165207498499804 -0.39165207498499804 0.8325967237023518 0.013732263488467768
-0.39165207498499804 -0.39165207498499804 -0.8325967237023518 0.013732263488467768
-0.39165207498499804 -0.8325967237023518 0.39165207498499804 0.013732263488467768
-0.39165207498499804 -0.8325967237023518 -0.39165207498499804 0.013732263488467768
-0.4055122137872833 0.7165918454670237 0.5674997546074372 0.014096703837496135
-0.4055122137872833 0.7165918454670237 -0.5674997546074372 0.014096703837496135
-0.4055122137872833 0.5674997546074372 0.7165918454670237 0.014096703837496135
-0.4055122137872833 0.5674997546074372 -0.7165918454670237 0.014096703837496135
-0.4055122137872833 -0.5674997546074372 0.7165918454670237 0.014096703837496135
-0.4055122137872833 -0.5674997546074372 -0.7165918454670237 0.014096703837496135
-0.4055122137872833 -0.7165918454670237 0.5674997546074372 0.014096703837496135
-0.4055122137872833 -0.7165918454670237 -0.5674997546074372 0.014096703837496135
-0.4331561291720155 0.8601434616017619 0.26931207404135094 0.013580014917827968
-0.4331561291720155 0.8601434616017619 -0.26931207404135094 0.013580014917827968
-0.4331561291720155 0.26931207404135094 0.8601434616017619 0.013580014917827968
-0.4331561291720155 0.26931207404135094 -0.8601434616017619 0.013580014917827968
-0.4331561291720155 -0.26931207404135094 0.8601434616017619 0.013580014917827968
-0.4331561291720155 -0.26931207404135094 -0.8601434616017619 0.013580014917827968
-0.4331561291720155 -0.8601434616017619 0.26931207404135094 0.013580014917827968
-0.4331561291720155 -0.8601434616017619 -0.26931207404135094 0.013580014917827968
-0.4590825874187623 0.7605829053152514 0.4590825874187623 0.014003830134506807
-0.4590825874187623 0.7605829053152514 -0.4590825874187623 0.014003830134506807
-0.4590825874187623 0.4590825874187623 0.7605829053152514 0.014003830134506807
-0.4590825874187623 0.4590825874187623 -0.7605829053152514 0.014003830134506807
-0.4590825874187623 -0.4590825874187623 0.7605829053152514 0.014003830134506807
-0.4590825874187623 -0.4590825874187623 -0.7605829053152514 0.014003830134506807
-0.4590825874187623 -0.7605829053152514 0.4590825874187623 0.014003830134506807
-0.4590825874187623 -0.7605829053152514 -0.4590825874187623 0.014003830134506807
-0.46026219424840487 0.8770584618658025 0.13757604084736333 0.013512061888371915
-0.46026219424840487 0.8770584618658025 -0.13757604084736333 0.013512061888371915
-0.46026219424840487 0.13757604084736333 0.8770584618658025 0.013512061888371915
-0.46026219424840487 0.13757604084736333 -0.8770584618658025 0.013512061888371915
-0.46026219424840487 -0.13757604084736333 0.8770584618658025 0.013512061888371915
-0.46026219424840487 -0.13757604084736333 -0.8770584618658025 0.013512061888371915
-0.46026219424840487 -0.8770584618658025 0.13757604084736333 0.013512061888371915
-0.46026219424840487 -0.8770584618658025 -0.13757604084736333 0.013512061888371915
-0.4668589056957431 0.6253170244654198 0.6253170244654198 0.014140174390867545
-0.4668589056957431 0.6253170244654198 -0.6253170244654198 0.014140174390867545
-0.4668589056957431 -0.6253170244654198 0.6253170244654198 0.014140174390867545
-0.4668589056957431 -0.6253170244654198 -0.6253170244654198 0.014140174390867545
-0.46977538492076476 0.8827859807011816 0.0 0.01350168526987728
-0.46977538492076476 0.0 0.8827859807011816 0.01350168526987728
-0.46977538492076476 0.0 -0.8827859807011816 0.01350168526987728
-0.46977538492076476 -0.8827859807011816 0.0 0.01350168526987728
-0.5030673999662034 0.7949422999642083 0.33910165263362807 0.013930792413075255
-0.5030673999662034 0.7949422999642083 -0.33910165263362807 0.013930792413075255
-0.5030673999662034 0.33910165263362807 0.7949422999642083 0.013930792413075255
-0.5030673999662034 0.33910165263362807 -0.7949422999642083 0.013930792413075255
-0.5030673999662034 -0.33910165263362807 0.7949422999642083 0.013930792413075255
-0.5030673999662034 -0.33910165263362807 -0.7949422999642083 0.013930792413075255
-0.5030673999662034 -0.7949422999642083 0.33910165263362807 0.013930792413075255
-0.5030673999662034 -0.7949422999642083 -0.33910165263362807 0.013930792413075255
-0.521456388841586 0.6754009691084141 0.521456388841586 0.014121142155203641
-0.521456388841586 0.6754009691084141 -0.521456388841586 0.014121142155203641
-0.521456388841586 0.521456388841586 0.6754009691084141 0.014121142155203641
-0.521456388841586 0.521456388841586 -0.6754009691084141 0.014121142155203641
-0.521456388841586 -0.521456388841586 0.6754009691084141 0.014121142155203641
-0.521456388841586 -0.521456388841586 -0.6754009691084141 0.014121142155203641
-0.521456388841586 -0.6754009691084141 0.521456388841586 0.014121142155203641
-0.521456388841586 -0.6754009691084141 -0.521456388841586 0.014121142155203641
-0.5348666438135473 0.8187485362810214 0.2087307061103271 0.013914106100301004
-0.5348666438135473 0.8187485362810214 -0.2087307061103271 0.013914106100301004
-0.5348666438135473 0.2087307061103271 0.8187485362810214 0.013914106100301004
-0.5348666438135473 0.2087307061103271 -0.8187485362810214 0.013914106100301004
-0.5348666438135473 -0.2087307061103271 0.8187485362810214 0.013914106100301004
-0.5348666438135473 -0.2087307061103271 -0.8187485362810214 0.013914106100301004
-0.5348666438135473 -0.8187485362810214 0.2087307061103271 0.013914106100301004
-0.5348666438135473 -0.8187485362810214 -0.2087307061103271 0.013914106100301004
-0.5517505421423516 0.8310175524134741 0.07057738183256156 0.013935605720680524
-0.5517505421423516 0.8310175524134741 -0.07057738183256156 0.013935605720680524
-0.5517505421423516 0.07057738183256156 0.8310175524134741 0.013935605720680524
-0.5517505421423516 0.07057738183256156 -0.8310175524134741 0.013935605720680524
-0.5517505421423516 -0.07057738183256156 0.8310175524134741 0.013935605720680524
-0.5517505421423516 -0.07057738183256156 -0.8310175524134741 0.013935605720680524
-0.5517505421423516 -0.8310175524134741 0.07057738183256156 0.013935605720680524
-0.5517505421423516 -0.8310175524134741 -0.07057738183256156 0.013935605720680524
-0.5674997546074372 0.7165918454670237 0.4055122137872833 0.014096703837496135
-0.5674997546074372 0.7165918454670237 -0.4055122137872833 0.014096703837496135
-0.5674997546074372 0.4055122137872833 0.7165918454670237 0.014096703837496135
-0.5674997546074372 0.4055122137872833 -0.7165918454670237 0.014096703837496135
-0.5674997546074372 -0.4055122137872833 0.7165918454670237 0.014096703837496135
-0.5674997546074372 -0.4055122137872833 -0.7165918454670237 0.014096703837496135
-0.5674997546074372 -0.7165918454670237 0.4055122137872833 0.014096703837496135
-0.5674997546074372 -0.7165918454670237 -0.4055122137872833 0.014096703837496135
-0.5773502691896257 0.5773502691896257 0.5773502691896257 0.014146871801989641
-0.5773502691896257 0.5773502691896257 -0.5773502691896257 0.014146871801989641
-0.5773502691896257 -0.5773502691896257 0.5773502691896257 0.014146871801989641
-0.5773502691896257 -0.5773502691896257 -0.5773502691896257 0.014146871801989641
-0.6029619156159182 0.7476206108340856 0.2783888477882153 0.014109403473415284
-0.6029619156159182 0.7476206108340856 -0.2783888477882153 0.014109403473415284
-0.6029619156159182 0.2783888477882153 0.7476206108340856 0.014109403473415284
-0.6029619156159182 0.2783888477882153 -0.7476206108340856 0.014109403473415284
-0.6029619156159182 -0.2783888477882153 0.7476206108340856 0.014109403473415284
-0.6029619156159182 -0.2783888477882153 -0.7476206108340856 0.014109403473415284
-0.6029619156159182 -0.7476206108340856 0.2783888477882153 0.014109403473415284
-0.6029619156159182 -0.7476206108340856 -0.2783888477882153 0.014109403473415284
-0.6253170244654198 0.6253170244654198 0.4668589056957431 0.014140174390867545
-0.6253170244654198 0.6253170244654198 -0.4668589056957431 0.014140174390867545
-0.6253170244654198 0.4668589056957431 0.6253170244654198 0.014140174390867545
-0.6253170244654198 0.4668589056957431 -0.6253170244654198 0.014140174390867545
-0.6253170244654198 -0.4668589056957431 0.6253170244654198 0.014140174390867545
-0.6253170244654198 -0.4668589056957431 -0.6253170244654198 0.014140174390867545
-0.6253170244654198 -0.6253170244654198 0.4668589056957431 0.014140174390867545
-0.6253170244654198 -0.6253170244654198 -0.4668589056957431 0.014140174390867545
-0.6256167358580813 0.7671021862205583 0.14197864526019152 0.014159750357805631
-0.6256167358580813 0.7671021862205583 -0.14197864526019152 0.014159750357805631
-0.6256167358580813 0.14197864526019152 0.7671021862205583 0.014159750357805631
-0.6256167358580813 0.14197864526019152 -0.7671021862205583 0.014159750357805631
-0.6256167358580813 -0.14197864526019152 0.7671021862205583 0.014159750357805631
-0.6256167358580813 -0.14197864526019152 -0.7671021862205583 0.014159750357805631
-0.6256167358580813 -0.7671021862205583 0.14197864526019152 0.014159750357805631
-0.6256167358580813 -0.7671021862205583 -0.14197864526019152 0.014159750357805631
-0.6334563241139566 0.7737784472573748 0.0 0.014191203422653951
-0.6334563241139566 0.0 0.7737784472573748 0.014191203422653951
-0.6334563241139566 0.0 -0.7737784472573748 0.014191203422653951
-0.6334563241139566 -0.7737784472573748 0.0 0.014191203422653951
-0.6637926744523169 0.6637926744523169 0.34461365423743784 0.01415165938221302
-0.6637926744523169 0.6637926744523169 -0.34461365423743784 0.01415165938221302
-0.6637926744523169 0.34461365423743784 0.6637926744523169 0.01415165938221302
-0.6637926744523169 0.34461365423743784 -0.6637926744523169 0.01415165938221302
-0.6637926744523169 -0.34461365423743784 0.6637926744523169 0.01415165938221302
-0.6637926744523169 -0.34461365423743784 -0.6637926744523169 0.01415165938221302
-0.6637926744523169 -0.6637926744523169 0.34461365423743784 0.01415165938221302
-0.6637926744523169 -0.6637926744523169 -0.34461365423743784 0.01415165938221302
-0.6754009691084141 0.521456388841586 0.521456388841586 0.014121142155203641
-0.6754009691084141 0.521456388841586 -0.521456388841586 0.014121142155203641
-0.6754009691084141 -0.521456388841586 0.521456388841586 0.014121142155203641
-0.6754009691084141 -0.521456388841586 -0.521456388841586 0.014121142155203641
-0.69104103984983 0.69104103984983 0.2119541518501842 0.014203604477070845
-0.69104103984983 0.69104103984983 -0.2119541518501842 0.014203604477070845
-0.69104103984983 0.2119541518501842 0.69104103984983 0.014203604477070845
-0.69104103984983 0.2119541518501842 -0.69104103984983 0.014203604477070845
-0.69104103984983 -0.2119541518501842 0.69104103984983 0.014203604477070845
-0.69104103984983 -0.2119541518501842 -0.69104103984983 0.014203604477070845
-0.69104103984983 -0.69104103984983 0.2119541518501842 0.014203604477070845
-0.69104103984983 -0.69104103984983 -0.2119541518501842 0.014203604477070845
-0.7052907007457758 0.7052907007457758 0.07162440144995479 0.014262661433125127
-0.7052907007457758 0.7052907007457758 -0.07162440144995479 0.014262661433125127
-0.7052907007457758 0.07162440144995479 0.7052907007457758 0.014262661433125127
-0.7052907007457758 0.07162440144995479 -0.7052907007457758 0.014262661433125127
-0.7052907007457758 -0.07162440144995479 0.7052907007457758 0.014262661433125127
-0.7052907007457758 -0.07162440144995479 -0.7052907007457758 0.014262661433125127
-0.7052907007457758 -0.7052907007457758 0.07162440144995479 0.014262661433125127
-0.7052907007457758 -0.7052907007457758 -0.07162440144995479 0.014262661433125127
-0.7165918454670237 0.5674997546074372 0.4055122137872833 0.014096703837496135
-0.7165918454670237 0.5674997546074372 -0.4055122137872833 0.014096703837496135
-0.7165918454670237 0.4055122137872833 0.5674997546074372 0.014096703837496135
-0.7165918454670237 0.4055122137872833 -0.5674997546074372 0.014096703837496135
-0.7165918454670237 -0.4055122137872833 0.5674997546074372 0.014096703837496135
-0.7165918454670237 -0.4055122137872833 -0.5674997546074372 0.014096703837496135
-0.7165918454670237 -0.5674997546074372 0.4055122137872833 0.014096703837496135
-0.7165918454670237 -0.5674997546074372 -0.4055122137872833 0.014096703837496135
-0.7476206108340856 0.6029619156159182 0.2783888477882153 0.014109403473415284
-0.7476206108340856 0.6029619156159182 -0.2783888477882153 0.014109403473415284
-0.7476206108340856 0.2783888477882153 0.6029619156159182 0.014109403473415284
-0.7476206108340856 0.2783888477882153 -0.6029619156159182 0.014109403473415284
-0.7476206108340856 -0.2783888477882153 0.6029619156159182 0.014109403473415284
-0.7476206108340856 -0.2783888477882153 -0.6029619156159182 0.014109403473415284
-0.7476206108340856 -0.6029619156159182 0.2783888477882153 0.014109403473415284
-0.7476206108340856 -0.6029619156159182 -0.2783888477882153 0.014109403473415284
-0.7605829053152514 0.4590825874187623 0.4590825874187623 0.014003830134506807
-0.7605829053152514 0.4590825874187623 -0.4590825874187623 0.014003830134506807
-0.7605829053152514 -0.4590825874187623 0.4590825874187623 0.014003830134506807
-0.7605829053152514 -0.4590825874187623 -0.4590825874187623 0.014003830134506807
-0.7671021862205583 0.6256167358580813 0.14197864526019152 0.014159750357805631
-0.7671021862205583 0.6256167358580813 -0.14197864526019152 0.014159750357805631
-0.7671021862205583 0.14197864526019152 0.6256167358580813 0.014159750357805631
-0.7671021862205583 0.14197864526019152 -0.6256167358580813 0.014159750357805631
-0.7671021862205583 -0.14197864526019152 0.6256167358580813 0.014159750357805631
-0.7671021862205583 -0.14197864526019152 -0.6256167358580813 0.014159750357805631
-0.7671021862205583 -0.6256167358580813 0.14197864526019152 0.014159750357805631
-0.7671021862205583 -0.6256167358580813 -0.14197864526019152 0.014159750357805631
-0.7737784472573748 0.6334563241139566 0.0 0.014191203422653951
-0.7737784472573748 0.0 0.6334563241139566 0.014191203422653951
-0.7737784472573748 0.0 -0.6334563241139566 0.014191203422653951
-0.7737784472573748 -0.6334563241139566 0.0 0.014191203422653951
-0.7949422999642083 0.5030673999662034 0.33910165263362807 0.013930792413075255
-0.7949422999642083 0.5030673999662034 -0.33910165263362807 0.013930792413075255
-0.7949422999642083 0.33910165263362807 0.5030673999662034 0.013930792413075255
-0.7949422999642083 0.33910165263362807 -0.5030673999662034 0.013930792413075255
-0.7949422999642083 -0.33910165263362807 0.5030673999662034 0.013930792413075255
-0.7949422999642083 -0.33910165263362807 -0.5030673999662034 0.013930792413075255
-0.7949422999642083 -0.5030673999662034 0.33910165263362807 0.013930792413075255
-0.7949422999642083 -0.5030673999662034 -0.33910165263362807 0.013930792413075255
-0.8187485362810214 0.5348666438135473 0.2087307061103271 0.013914106100301004
-0.8187485362810214 0.5348666438135473 -0.2087307061103271 0.013914106100301004
-0.8187485362810214 0.2087307061103271 0.5348666438135473 0.013914106100301004
-0.8187485362810214 0.2087307061103271 -0.5348666438135473 0.013914106100301004
-0.8187485362810214 -0.2087307061103271 0.5348666438135473 0.013914106100301004
-0.8187485362810214 -0.2087307061103271 -0.5348666438135473 0.013914106100301004
-0.8187485362810214 -0.5348666438135473 0.2087307061103271 0.013914106100301004
-0.8187485362810214 -0.5348666438135473 -0.2087307061103271 0.013914106100301004
-0.8310175524134741 0.5517505421423516 0.07057738183256156 0.013935605720680524
-0.8310175524134741 0.5517505421423516 -0.07057738183256156 0.013935605720680524
-0.8310175524134741 0.07057738183256156 0.5517505421423516 0.013935605720680524
-0.8310175524134741 0.07057738183256156 -0.5517505421423516 0.013935605720680524
-0.8310175524134741 -0.07057738183256156 0.5517505421423516 0.013935605720680524
-0.8310175524134741 -0.07057738183256156 -0.5517505421423516 0.013935605720680524
-0.8310175524134741 -0.5517505421423516 0.07057738183256156 0.013935605720680524
-0.8310175524134741 -0.5517505421423516 -0.07057738183256156 0.013935605720680524
-0.8325967237023518 0.39165207498499804 0.39165207498499804 0.013732263488467768
-0.8325967237023518 0.39165207498499804 -0.39165207498499804 0.013732263488467768
-0.8325967237023518 -0.39165207498499804 0.39165207498499804 0.013732263488467768
-0.8325967237023518 -0.39165207498499804 -0.39165207498499804 0.013732263488467768
-0.8601434616017619 0.4331561291720155 0.26931207404135094 0.013580014917827968
-0.8601434616017619 0.4331561291720155 -0.26931207404135094 0.013580014917827968
-0.8601434616017619 0.26931207404135094 0.4331561291720155 0.013580014917827968
-0.8601434616017619 0.26931207404135094 -0.4331561291720155 0.013580014917827968
-0.8601434616017619 -0.26931207404135094 0.4331561291720155 0.013580014917827968
-0.8601434616017619 -0.26931207404135094 -0.4331561291720155 0.013580014917827968
-0.8601434616017619 -0.4331561291720155 0.26931207404135094 0.013580014917827968
-0.8601434616017619 -0.4331561291720155 -0.26931207404135094 0.013580014917827968
-0.8770584618658025 0.46026219424840487 0.13757604084736333 0.013512061888371915
-0.8770584618658025 0.46026219424840487 -0.13757604084736333 0.013512061888371915
-0.8770584618658025 0.13757604084736333 0.46026219424840487 0.013512061888371915
-0.8770584618658025 0.13757604084736333 -0.46026219424840487 0.013512061888371915
-0.8770584618658025 -0.13757604084736333 0.46026219424840487 0.013512061888371915
-0.8770584618658025 -0.13757604084736333 -0.46026219424840487 0.013512061888371915
-0.8770584618658025 -0.46026219424840487 0.13757604084736333 0.013512061888371915
-0.8770584618658025 -0.46026219424840487 -0.13757604084736333 0.013512061888371915
-0.8827859807011816 0.46977538492076476 0.0 0.01350168526987728
-0.8827859807011816 0.0 0.46977538492076476 0.01350168526987728
-0.8827859807011816 0.0 -0.46977538492076476 0.01350168526987728
-0.8827859807011816 -0.46977538492076476 0.0 0.01350168526987728
-0.8912679426476059 0.32065671239559546 0.32065671239559546 0.013236154168341847
-0.8912679426476059 0.32065671239559546 -0.32065671239559546 0.013236154168341847
-0.8912679426476059 -0.32065671239559546 0.32065671239559546 0.013236154168341847
-0.8912679426476059 -0.32065671239559546 -0.32065671239559546 0.013236154168341847
-0.9121183784091214 0.3589606329589095 0.1979578938917405 0.0129735442338212
-0.9121183784091214 0.3589606329589095 -0.1979578938917405 0.0129735442338212
-0.9121183784091214 0.1979578938917405 0.3589606329589095 0.0129735442338212
-0.9121183784091214 0.1979578938917405 -0.3589606329589095 0.0129735442338212
-0.9121183784091214 -0.1979578938917405 0.3589606329589095 0.0129735442338212
-0.9121183784091214 -0.1979578938917405 -0.3589606329589095 0.0129735442338212
-0.9121183784091214 -0.3589606329589095 0.1979578938917405 0.0129735442338212
-0.9121183784091214 -0.3589606329589095 -0.1979578938917405 0.0129735442338212
-0.9226161107308088 0.37983952168591545 0.06709284600738241 0.012849977455837781
-0.9226161107308088 0.37983952168591545 -0.06709284600738241 0.012849977455837781
-0.9226161107308088 0.06709284600738241 0.37983952168591545 0.012849977455837781
-0.9226161107308088 0.06709284600738241 -0.37983952168591545 0.012849977455837781
-0.9226161107308088 -0.06709284600738241 0.37983952168591545 0.012849977455837781
-0.9226161107308088 -0.06709284600738241 -0.37983952168591545 0.012849977455837781
-0.9226161107308088 -0.37983952168591545 0.06709284600738241 0.012849977455837781
-0.9226161107308088 -0.37983952168591545 -0.06709284600738241 0.012849977455837781
-0.936602730407163 0.2477653379650256 0.2477653379650256 0.01242606437075663
-0.936602730407163 0.2477653379650256 -0.2477653379650256 0.01242606437075663
-0.936602730407163 -0.2477653379650256 0.2477653379650256 0.01242606437075663
-0.936602730407163 -0.2477653379650256 -0.2477653379650256 0.01242606437075663
-0.9510201693743899 0.2817606422442132 0.12716751914398175 0.012021587439174114
-0.9510201693743899 0.2817606422442132 -0.12716751914398175 0.012021587439174114
-0.9510201693743899 0.12716751914398175 0.2817606422442132 0.012021587439174114
-0.9510201693743899 0.12716751914398175 -0.2817606422442132 0.012021587439174114
-0.9510201693743899 -0.12716751914398175 0.2817606422442132 0.012021587439174114
-0.9510201693743899 -0.12716751914398175 -0.2817606422442132 0.012021587439174114
-0.9510201693743899 -0.2817606422442132 0.12716751914398175 0.012021587439174114
-0.9510201693743899 -0.2817606422442132 -0.12716751914398175 0.012021587439174114
-0.9557815124965485 0.2940777114468385 0.0 0.011880445529098286
-0.9557815124965485 0.0 0.2940777114468385 0.011880445529098286
-0.9557815124965485 0.0 -0.2940777114468385 0.011880445529098286
-0.9557815124965485 -0.2940777114468385 0.0 0.011880445529098286
-0.9688902204347074 0.1750024867623082 0.1750024867623082 0.011170413684440144
-0.9688902204347074 0.1750024867623082 -0.1750024867623082 0.011170413684440144
-0.9688902204347074 -0.1750024867623082 0.1750024867623082 0.011170413684440144
-0.9688902204347074 -0.1750024867623082 -0.1750024867623082 0.011170413684440144
-0.9773727228453098 0.20291287527775223 0.05974048614181333 0.01060210174688521
-0.9773727228453098 0.20291287527775223 -0.05974048614181333 0.01060210174688521
-0.9773727228453098 0.05974048614181333 0.20291287527775223 0.01060210174688521
-0.9773727228453098 0.05974048614181333 -0.20291287527775223 0.01060210174688521
-0.9773727228453098 -0.05974048614181333 0.20291287527775223 0.01060210174688521
-0.9773727228453098 -0.05974048614181333 -0.20291287527775223 0.01060210174688521
-0.9773727228453098 -0.20291287527775223 0.05974048614181333 0.01060210174688521
-0.9773727228453098 -0.20291287527775223 -0.05974048614181333 0.01060210174688521
-0.9888832243546856 0.10514268540864001 0.10514268540864001 0.009246323068811667
-0.9888832243546856 0.10514268540864001 -0.10514268540864001 0.009246323068811667
-0.9888832243546856 -0.10514268540864001 0.10514268540864001 0.009246323068811667
-0.9888832243546856 -0.10514268540864001 -0.10514268540864001 0.009246323068811667
-0.9923235654314901 0.12366867626579855 0.0 0.008574497021019596
-0.9923235654314901 0.0 0.12366867626579855 0.008574497021019596
-0.9923235654314901 0.0 -0.12366867626579855 0.008574497021019596
-0.9923235654314901 -0.12366867626579855 0.0 0.008574497021019596
-0.9981553450238465 0.042929635453413384 0.042929635453413384 0.006217877052166743
-0.9981553450238465 0.042929635453413384 -0.042929635453413384 0.006217877052166743
-0.9981553450238465 -0.042929635453413384 0.042929635453413384 0.006217877052166743
-0.9981553450238465 -0.042929635453413384 -0.042929635453413384 0.006217877052166743
-1.0 0.0 0.0 0.0018074137850679706
