1.0 0.0 0.0 0.0013888217504270273
0.9986206817999193 0.03712636449656972 0.03712636449656972 0.004637520929386613
0.9986206817999193 0.03712636449656972 -0.03712636449656972 0.004637520929386613
0.9986206817999193 -0.03712636449656972 0.03712636449656972 0.004637520929386613
0.9986206817999193 -0.03712636449656972 -0.03712636449656972 0.004637520929386613
0.9942333548213224 0.10723822154781618 0.0 0.006505581557691031
0.9942333548213224 0.0 0.10723822154781618 0.006505581557691031
0.9942333548213224 0.0 -0.10723822154781618 0.006505581557691031
0.9942333548213224 -0.10723822154781618 0.0 0.006505581557691031
0.9916107397220137 0.09140060412262146 0.09140060412262146 0.007042182692929972
0.9916107397220137 0.09140060412262146 -0.09140060412262146 0.007042182692929972
0.9916107397220137 -0.09140060412262146 0.09140060412262146 0.007042182692929972
0.9916107397220137 -0.09140060412262146 -0.09140060412262146 0.007042182692929972
0.9827986018263947 0.17717740226153222 0.052106394770112655 0.008150269576503371
0.9827986018263947 0.17717740226153222 -0.052106394770112655 0.008150269576503371
0.9827986018263947 0.052106394770112655 0.17717740226153222 0.008150269576503371
0.9827986018263947 0.052106394770112655 -0.17717740226153222 0.008150269576503371
0.9827986018263947 -0.052106394770112655 0.17717740226153222 0.008150269576503371
0.9827986018263947 -0.052106394770112655 -0.17717740226153222 0.008150269576503371
0.9827986018263947 -0.17717740226153222 0.052106394770112655 0.008150269576503371
0.9827986018263947 -0.17717740226153222 -0.052106394770112655 0.008150269576503371
0.976276606394685 0.15310778524699017 0.15310778524699017 0.008627187438741388
0.976276606394685 0.15310778524699017 -0.15310778524699017 0.008627187438741388
0.976276606394685 -0.15310778524699017 0.15310778524699017 0.008627187438741388
0.976276606394685 -0.15310778524699017 -0.15310778524699017 0.008627187438741388
0.966089643296119 0.25820689594969676 0.0 0.009212586853638634
0.966089643296119 0.0 0.25820689594969676 0.009212586853638634
0.966089643296119 0.0 -0.25820689594969676 0.009212586853638634
0.966089643296119 -0.25820689594969676 0.0 0.009212586853638634
0.9624249230326227 0.2475716463426287 0.11156409571564724 0.009343135395659117
0.9624249230326227 0.2475716463426287 -0.11156409571564724 0.009343135395659117
0.9624249230326227 0.11156409571564724 0.2475716463426287 0.009343135395659117
0.9624249230326227 0.11156409571564724 -0.2475716463426287 0.009343135395659117
0.9624249230326227 -0.11156409571564724 0.2475716463426287 0.009343135395659117
0.9624249230326227 -0.11156409571564724 -0.2475716463426287 0.009343135395659117
0.9624249230326227 -0.2475716463426287 0.11156409571564724 0.009343135395659117
0.9624249230326227 -0.2475716463426287 -0.11156409571564724 0.009343135395659117
0.9512470674805783 0.2180928891660608 0.2180928891660608 0.009701663550207563
0.9512470674805783 0.2180928891660608 -0.2180928891660608 0.009701663550207563
0.9512470674805783 -0.2180928891660608 0.2180928891660608 0.009701663550207563
0.9512470674805783 -0.2180928891660608 -0.2180928891660608 0.009701663550207563
0.940200799412881 0.3354616289066486 0.05905888853235394 0.01005124658581504
0.940200799412881 0.3354616289066486 -0.05905888853235394 0.01005124658581504
0.940200799412881 0.05905888853235394 0.3354616289066486 0.01005124658581504
0.940200799412881 0.05905888853235394 -0.3354616289066486 0.01005124658581504
0.940200799412881 -0.05905888853235394 0.3354616289066486 0.01005124658581504
0.940200799412881 -0.05905888853235394 -0.3354616289066486 0.01005124658581504
0.940200799412881 -0.3354616289066486 0.05905888853235394 0.01005124658581504
0.940200799412881 -0.3354616289066486 -0.05905888853235394 0.01005124658581504
0.9320822040143201 0.3173615246611973 0.17465516775786244 0.010180936061523515
0.9320822040143201 0.3173615246611973 -0.17465516775786244 0.010180936061523515
0.9320822040143201 0.17465516775786244 0.3173615246611973 0.010180936061523515
0.9320822040143201 0.17465516775786244 -0.3173615246611973 0.010180936061523515
0.9320822040143201 -0.17465516775786244 0.3173615246611973 0.010180936061523515
0.9320822040143201 -0.17465516775786244 -0.3173615246611973 0.010180936061523515
0.9320822040143201 -0.3173615246611973 0.17465516775786244 0.010180936061523515
0.9320822040143201 -0.3173615246611973 -0.17465516775786244 0.010180936061523515
0.9158068862086682 0.2839874532200173 0.2839874532200173 0.010432030319154743
0.9158068862086682 0.2839874532200173 -0.2839874532200173 0.010432030319154743
0.9158068862086682 -0.2839874532200173 0.2839874532200173 0.010432030319154743
0.9158068862086682 -0.2839874532200173 -0.2839874532200173 0.010432030319154743
0.9087801316819104 0.4172752955306712 0.0 0.010635212041756525
0.9087801316819104 0.0 0.4172752955306712 0.010635212041756525
0.9087801316819104 0.0 -0.4172752955306712 0.010635212041756525
0.9087801316819104 -0.4172752955306712 0.0 0.010635212041756525
0.9043674199393298 0.40902684270853557 0.12172350510959856 0.010660541746028873
0.9043674199393298 0.40902684270853557 -0.12172350510959856 0.010660541746028873
0.9043674199393298 0.12172350510959856 0.40902684270853557 0.010660541746028873
0.9043674199393298 0.12172350510959856 -0.40902684270853557 0.010660541746028873
0.9043674199393298 -0.12172350510959856 0.40902684270853557 0.010660541746028873
0.9043674199393298 -0.12172350510959856 -0.40902684270853557 0.010660541746028873
0.9043674199393298 -0.40902684270853557 0.12172350510959856 0.010660541746028873
0.9043674199393298 -0.40902684270853557 -0.12172350510959856 0.010660541746028873
0.8912407560074747 0.38542911506692223 0.23902784793817222 0.01075216275547236
0.8912407560074747 0.38542911506692223 -0.23902784793817222 0.01075216275547236
0.8912407560074747 0.23902784793817222 0.38542911506692223 0.01075216275547236
0.8912407560074747 0.23902784793817222 -0.38542911506692223 0.01075216275547236
0.8912407560074747 -0.23902784793817222 0.38542911506692223 0.01075216275547236
0.8912407560074747 -0.23902784793817222 -0.38542911506692223 0.01075216275547236
0.8912407560074747 -0.38542911506692223 0.23902784793817222 0.01075216275547236
0.8912407560074747 -0.38542911506692223 -0.23902784793817222 0.01075216275547236
0.869616915181954 0.349117760096376 0.349117760096376 0.010916019799855469
0.869616915181954 0.349117760096376 -0.349117760096376 0.010916019799855469
0.869616915181954 -0.349117760096376 0.349117760096376 0.010916019799855469
0.869616915181954 -0.349117760096376 -0.349117760096376 0.010916019799855469
0.8676435628462706 0.4932221184851284 0.06266250624154185 0.011062438286515635
0.8676435628462706 0.4932221184851284 -0.06266250624154185 0.011062438286515635
0.8676435628462706 0.06266250624154185 0.4932221184851284 0.011062438286515635
0.8676435628462706 0.06266250624154185 -0.4932221184851284 0.011062438286515635
0.8676435628462706 -0.06266250624154185 0.4932221184851284 0.011062438286515635
0.8676435628462706 -0.06266250624154185 -0.4932221184851284 0.011062438286515635
0.8676435628462706 -0.4932221184851284 0.06266250624154185 0.011062438286515635
0.8676435628462706 -0.4932221184851284 -0.06266250624154185 0.011062438286515635
0.8581979986041618 0.47853206759224315 0.18575051945473342 0.011072289696139114
0.8581979986041618 0.47853206759224315 -0.18575051945473342 0.011072289696139114
0.8581979986041618 0.18575051945473342 0.47853206759224315 0.011072289696139114
0.8581979986041618 0.18575051945473342 -0.47853206759224315 0.011072289696139114
0.8581979986041618 -0.18575051945473342 0.47853206759224315 0.011072289696139114
0.8581979986041618 -0.18575051945473342 -0.47853206759224315 0.011072289696139114
0.8581979986041618 -0.47853206759224315 0.18575051945473342 0.011072289696139114
0.8581979986041618 -0.47853206759224315 -0.18575051945473342 0.011072289696139114
0.8396753624049855 0.4507422593157063 0.30294669735289803 0.011121592794211722
0.8396753624049855 0.4507422593157063 -0.30294669735289803 0.011121592794211722
0.8396753624049855 0.30294669735289803 0.4507422593157063 0.011121592794211722
0.8396753624049855 0.30294669735289803 -0.4507422593157063 0.011121592794211722
0.8396753624049855 -0.30294669735289803 0.4507422593157063 0.011121592794211722
0.8396753624049855 -0.30294669735289803 -0.4507422593157063 0.011121592794211722
0.8396753624049855 -0.4507422593157063 0.30294669735289803 0.011121592794211722
0.8396753624049855 -0.4507422593157063 -0.30294669735289803 0.011121592794211722
0.8216192370614334 0.5700366911792503 0.0 0.011348843483969544
0.8216192370614334 0.0 0.5700366911792503 0.011348843483969544
0.8216192370614334 0.0 -0.5700366911792503 0.011348843483969544
0.8216192370614334 -0.5700366911792503 0.0 0.011348843483969544
0.8165288564022187 0.5632123020762098 0.1267774800684278 0.011336553076873167
0.8165288564022187 0.5632123020762098 -0.1267774800684278 0.011336553076873167
0.8165288564022187 0.1267774800684278 0.5632123020762098 0.011336553076873167
0.8165288564022187 0.1267774800684278 -0.5632123020762098 0.011336553076873167
0.8165288564022187 -0.1267774800684278 0.5632123020762098 0.011336553076873167
0.8165288564022187 -0.1267774800684278 -0.5632123020762098 0.011336553076873167
0.8165288564022187 -0.5632123020762098 0.1267774800684278 0.011336553076873167
0.8165288564022187 -0.5632123020762098 -0.1267774800684278 0.011336553076873167
0.8125737222999154 0.4121431461444309 0.4121431461444309 0.011218094911064807
0.8125737222999154 0.4121431461444309 -0.4121431461444309 0.011218094911064807
0.8125737222999154 -0.4121431461444309 0.4121431461444309 0.011218094911064807
0.8125737222999154 -0.4121431461444309 -0.4121431461444309 0.011218094911064807
0.8015469370783528 0.5434303569693898 0.2494112162362235 0.011322415128391725
0.8015469370783528 0.5434303569693898 -0.2494112162362235 0.011322415128391725
0.8015469370783528 0.2494112162362235 0.5434303569693898 0.011322415128391725
0.8015469370783528 0.2494112162362235 -0.5434303569693898 0.011322415128391725
0.8015469370783528 -0.2494112162362235 0.5434303569693898 0.011322415128391725
0.8015469370783528 -0.2494112162362235 -0.5434303569693898 0.011322415128391725
0.8015469370783528 -0.5434303569693898 0.2494112162362235 0.011322415128391725
0.8015469370783528 -0.5434303569693898 -0.2494112162362235 0.011322415128391725
0.7773563069070348 0.5123518486419868 0.3649832260597652 0.011338250340387277
0.7773563069070348 0.5123518486419868 -0.3649832260597652 0.011338250340387277
0.7773563069070348 0.3649832260597652 0.5123518486419868 0.011338250340387277
0.7773563069070348 0.3649832260597652 -0.5123518486419868 0.011338250340387277
0.7773563069070348 -0.3649832260597652 0.5123518486419868 0.011338250340387277
0.7773563069070348 -0.3649832260597652 -0.5123518486419868 0.011338250340387277
0.7773563069070348 -0.5123518486419868 0.3649832260597652 0.011338250340387277
0.7773563069070348 -0.5123518486419868 -0.3649832260597652 0.011338250340387277
0.7661621213900393 0.6394279634749099 0.06424549224220728 0.011508302534345042
0.7661621213900393 0.6394279634749099 -0.06424549224220728 0.011508302534345042
0.7661621213900393 0.06424549224220728 0.6394279634749099 0.011508302534345042
0.7661621213900393 0.06424549224220728 -0.6394279634749099 0.011508302534345042
0.7661621213900393 -0.06424549224220728 0.6394279634749099 0.011508302534345042
0.7661621213900393 -0.06424549224220728 -0.6394279634749099 0.011508302534345042
0.7661621213900393 -0.6394279634749099 0.06424549224220728 0.011508302534345042
0.7661621213900393 -0.6394279634749099 -0.06424549224220728 0.011508302534345042
0.7553584143533509 0.6269805509024392 0.19060182227792305 0.011475079348201543
0.7553584143533509 0.6269805509024392 -0.19060182227792305 0.011475079348201543
0.7553584143533509 0.19060182227792305 0.6269805509024392 0.011475079348201543
0.7553584143533509 0.19060182227792305 -0.6269805509024392 0.011475079348201543
0.7553584143533509 -0.19060182227792305 0.6269805509024392 0.011475079348201543
0.7553584143533509 -0.19060182227792305 -0.6269805509024392 0.011475079348201543
0.7553584143533509 -0.6269805509024392 0.19060182227792305 0.011475079348201543
0.7553584143533509 -0.6269805509024392 -0.19060182227792305 0.011475079348201543
0.7447294696321062 0.4718993627149124 0.4718993627149124 0.011386162518795692
0.7447294696321062 0.4718993627149124 -0.4718993627149124 0.011386162518795692
0.7447294696321062 -0.4718993627149124 0.4718993627149124 0.011386162518795692
0.7447294696321062 -0.4718993627149124 -0.4718993627149124 0.011386162518795692
0.7344305757559499 0.6031161693096306 0.31122759471496064 0.011445216092623889
0.7344305757559499 0.6031161693096306 -0.31122759471496064 0.011445216092623889
0.7344305757559499 0.31122759471496064 0.6031161693096306 0.011445216092623889
0.7344305757559499 0.31122759471496064 -0.6031161693096306 0.011445216092623889
0.7344305757559499 -0.31122759471496064 0.6031161693096306 0.011445216092623889
0.7344305757559499 -0.31122759471496064 -0.6031161693096306 0.011445216092623889
0.7344305757559499 -0.6031161693096306 0.31122759471496064 0.011445216092623889
0.7344305757559499 -0.6031161693096306 -0.31122759471496064 0.011445216092623889
0.7071067811865475 0.7071067811865475 0.0 0.01156763661782712
0.7071067811865475 0.0 0.7071067811865475 0.01156763661782712
0.7071067811865475 0.0 -0.7071067811865475 0.01156763661782712
0.7071067811865475 -0.7071067811865475 0.0 0.01156763661782712
0.7043837184021764 0.5693702498468439 0.4238644781522337 0.011442635813972018
0.7043837184021764 0.5693702498468439 -0.4238644781522337 0.011442635813972018
0.7043837184021764 0.4238644781522337 0.5693702498468439 0.011442635813972018
0.7043837184021764 0.4238644781522337 -0.5693702498468439 0.011442635813972018
0.7043837184021764 -0.4238644781522337 0.5693702498468439 0.011442635813972018
0.7043837184021764 -0.4238644781522337 -0.5693702498468439 0.011442635813972018
0.7043837184021764 -0.5693702498468439 0.4238644781522337 0.011442635813972018
0.7043837184021764 -0.5693702498468439 -0.4238644781522337 0.011442635813972018
0.701260433012363 0.701260433012363 0.12832618665972254 0.011545272921891236
0.701260433012363 0.701260433012363 -0.12832618665972254 0.011545272921891236
0.701260433012363 0.12832618665972254 0.701260433012363 0.011545272921891236
0.701260433012363 0.12832618665972254 -0.701260433012363 0.011545272921891236
0.701260433012363 -0.12832618665972254 0.701260433012363 0.011545272921891236
0.701260433012363 -0.12832618665972254 -0.701260433012363 0.011545272921891236
0.701260433012363 -0.701260433012363 0.12832618665972254 0.011545272921891236
0.701260433012363 -0.701260433012363 -0.12832618665972254 0.011545272921891236
0.6841788309070141 0.6841788309070141 0.25258395570071807 0.011501840416310754
0.6841788309070141 0.6841788309070141 -0.25258395570071807 0.011501840416310754
0.6841788309070141 0.25258395570071807 0.6841788309070141 0.011501840416310754
0.6841788309070141 0.25258395570071807 -0.6841788309070141 0.011501840416310754
0.6841788309070141 -0.25258395570071807 0.6841788309070141 0.011501840416310754
0.6841788309070141 -0.25258395570071807 -0.6841788309070141 0.011501840416310754
0.6841788309070141 -0.6841788309070141 0.25258395570071807 0.011501840416310754
0.6841788309070141 -0.6841788309070141 -0.25258395570071807 0.011501840416310754
0.6662422537361042 0.5273145452842336 0.5273145452842336 0.011460250090597916
0.6662422537361042 0.5273145452842336 -0.5273145452842336 0.011460250090597916
0.6662422537361042 -0.5273145452842336 0.5273145452842336 0.011460250090597916
0.6662422537361042 -0.5273145452842336 -0.5273145452842336 0.011460250090597916
0.6569722711857288 0.6569722711857288 0.3698308664594257 0.011473994785594521
0.6569722711857288 0.6569722711857288 -0.3698308664594257 0.011473994785594521
0.6569722711857288 0.3698308664594257 0.6569722711857288 0.011473994785594521
0.6569722711857288 0.3698308664594257 -0.6569722711857288 0.011473994785594521
0.6569722711857288 -0.3698308664594257 0.6569722711857288 0.011473994785594521
0.6569722711857288 -0.3698308664594257 -0.6569722711857288 0.011473994785594521
0.6569722711857288 -0.6569722711857288 0.3698308664594257 0.011473994785594521
0.6569722711857288 -0.6569722711857288 -0.3698308664594257 0.011473994785594521
0.6394279634749099 0.7661621213900393 0.06424549224220728 0.011508302534345042
0.6394279634749099 0.7661621213900393 -0.06424549224220728 0.011508302534345042
0.6394279634749099 0.06424549224220728 0.7661621213900393 0.011508302534345042
0.6394279634749099 0.06424549224220728 -0.7661621213900393 0.011508302534345042
0.6394279634749099 -0.06424549224220728 0.7661621213900393 0.011508302534345042
0.6394279634749099 -0.06424549224220728 -0.7661621213900393 0.011508302534345042
0.6394279634749099 -0.7661621213900393 0.06424549224220728 0.011508302534345042
0.6394279634749099 -0.7661621213900393 -0.06424549224220728 0.011508302534345042
0.6269805509024392 0.7553584143533509 0.19060182227792305 0.011475079348201543
0.6269805509024392 0.7553584143533509 -0.19060182227792305 0.011475079348201543
0.6269805509024392 0.19060182227792305 0.7553584143533509 0.011475079348201543
0.6269805509024392 0.19060182227792305 -0.7553584143533509 0.011475079348201543
0.6269805509024392 -0.19060182227792305 0.7553584143533509 0.011475079348201543
0.6269805509024392 -0.19060182227792305 -0.7553584143533509 0.011475079348201543
0.6269805509024392 -0.7553584143533509 0.19060182227792305 0.011475079348201543
0.6269805509024392 -0.7553584143533509 -0.19060182227792305 0.011475079348201543
0.6209475332444017 0.6209475332444017 0.4783809380769521 0.011471488049641182
0.6209475332444017 0.6209475332444017 -0.4783809380769521 0.011471488049641182
0.6209475332444017 0.4783809380769521 0.6209475332444017 0.011471488049641182
0.6209475332444017 0.4783809380769521 -0.6209475332444017 0.011471488049641182
0.6209475332444017 -0.4783809380769521 0.6209475332444017 0.011471488049641182
0.6209475332444017 -0.4783809380769521 -0.6209475332444017 0.011471488049641182
0.6209475332444017 -0.6209475332444017 0.4783809380769521 0.011471488049641182
0.6209475332444017 -0.6209475332444017 -0.4783809380769521 0.011471488049641182
0.6031161693096306 0.7344305757559499 0.31122759471496064 0.011445216092623889
0.6031161693096306 0.7344305757559499 -0.31122759471496064 0.011445216092623889
0.6031161693096306 0.31122759471496064 0.7344305757559499 0.011445216092623889
0.6031161693096306 0.31122759471496064 -0.7344305757559499 0.011445216092623889
0.6031161693096306 -0.31122759471496064 0.7344305757559499 0.011445216092623889
0.6031161693096306 -0.31122759471496064 -0.7344305757559499 0.011445216092623889
0.6031161693096306 -0.7344305757559499 0.31122759471496064 0.011445216092623889
0.6031161693096306 -0.7344305757559499 -0.31122759471496064 0.011445216092623889
0.5773502691896257 0.5773502691896257 0.5773502691896257 0.011477067075656652
0.5773502691896257 0.5773502691896257 -0.5773502691896257 0.011477067075656652
0.5773502691896257 -0.5773502691896257 0.5773502691896257 0.011477067075656652
0.5773502691896257 -0.5773502691896257 -0.5773502691896257 0.011477067075656652
0.5700366911792503 0.8216192370614334 0.0 0.011348843483969544
0.5700366911792503 0.0 0.8216192370614334 0.011348843483969544
0.5700366911792503 0.0 -0.8216192370614334 0.011348843483969544
0.5700366911792503 -0.8216192370614334 0.0 0.011348843483969544
0.5693702498468439 0.7043837184021764 0.4238644781522337 0.011442635813972018
0.5693702498468439 0.7043837184021764 -0.4238644781522337 0.011442635813972018
0.5693702498468439 0.4238644781522337 0.7043837184021764 0.011442635813972018
0.5693702498468439 0.4238644781522337 -0.7043837184021764 0.011442635813972018
0.5693702498468439 -0.4238644781522337 0.7043837184021764 0.011442635813972018
0.5693702498468439 -0.4238644781522337 -0.7043837184021764 0.011442635813972018
0.5693702498468439 -0.7043837184021764 0.4238644781522337 0.011442635813972018
0.5693702498468439 -0.7043837184021764 -0.4238644781522337 0.011442635813972018
0.5632123020762098 0.8165288564022187 0.1267774800684278 0.011336553076873167
0.5632123020762098 0.8165288564022187 -0.1267774800684278 0.011336553076873167
0.5632123020762098 0.1267774800684278 0.8165288564022187 0.011336553076873167
0.5632123020762098 0.1267774800684278 -0.8165288564022187 0.011336553076873167
0.5632123020762098 -0.1267774800684278 0.8165288564022187 0.011336553076873167
0.5632123020762098 -0.1267774800684278 -0.8165288564022187 0.011336553076873167
0.5632123020762098 -0.8165288564022187 0.1267774800684278 0.011336553076873167
0.5632123020762098 -0.8165288564022187 -0.1267774800684278 0.011336553076873167
0.5434303569693898 0.8015469370783528 0.2494112162362235 0.011322415128391725
0.5434303569693898 0.8015469370783528 -0.2494112162362235 0.011322415128391725
0.5434303569693898 0.2494112162362235 0.8015469370783528 0.011322415128391725
0.5434303569693898 0.2494112162362235 -0.8015469370783528 0.011322415128391725
0.5434303569693898 -0.2494112162362235 0.8015469370783528 0.011322415128391725
0.5434303569693898 -0.2494112162362235 -0.8015469370783528 0.011322415128391725
0.5434303569693898 -0.8015469370783528 0.2494112162362235 0.011322415128391725
0.5434303569693898 -0.8015469370783528 -0.2494112162362235 0.011322415128391725
0.5273145452842336 0.6662422537361042 0.5273145452842336 0.011460250090597916
0.5273145452842336 0.6662422537361042 -0.5273145452842336 0.011460250090597916
0.5273145452842336 0.5273145452842336 0.6662422537361042 0.011460250090597916
0.5273145452842336 0.5273145452842336 -0.6662422537361042 0.011460250090597916
0.5273145452842336 -0.5273145452842336 0.6662422537361042 0.011460250090597916
0.5273145452842336 -0.5273145452842336 -0.6662422537361042 0.011460250090597916
0.5273145452842336 -0.6662422537361042 0.5273145452842336 0.011460250090597916
0.5273145452842336 -0.6662422537361042 -0.5273145452842336 0.011460250090597916
0.5123518486419868 0.7773563069070348 0.3649832260597652 0.011338250340387277
0.5123518486419868 0.7773563069070348 -0.3649832260597652 0.011338250340387277
0.5123518486419868 0.3649832260597652 0.7773563069070348 0.011338250340387277
0.5123518486419868 0.3649832260597652 -0.7773563069070348 0.011338250340387277
0.5123518486419868 -0.3649832260597652 0.7773563069070348 0.011338250340387277
0.5123518486419868 -0.3649832260597652 -0.7773563069070348 0.011338250340387277
0.5123518486419868 -0.7773563069070348 0.3649832260597652 0.011338250340387277
0.5123518486419868 -0.7773563069070348 -0.3649832260597652 0.011338250340387277
0.4932221184851284 0.8676435628462706 0.06266250624154185 0.011062438286515635
0.4932221184851284 0.8676435628462706 -0.06266250624154185 0.011062438286515635
0.4932221184851284 0.06266250624154185 0.8676435628462706 0.011062438286515635
0.4932221184851284 0.06266250624154185 -0.8676435628462706 0.011062438286515635
0.4932221184851284 -0.06266250624154185 0.8676435628462706 0.011062438286515635
0.4932221184851284 -0.06266250624154185 -0.8676435628462706 0.011062438286515635
0.4932221184851284 -0.8676435628462706 0.06266250624154185 0.011062438286515635
0.4932221184851284 -0.8676435628462706 -0.06266250624154185 0.011062438286515635
0.47853206759224315 0.8581979986041618 0.18575051945473342 0.011072289696139114
0.47853206759224315 0.8581979986041618 -0.18575051945473342 0.011072289696139114
0.47853206759224315 0.18575051945473342 0.8581979986041618 0.011072289696139114
0.47853206759224315 0.18575051945473342 -0.8581979986041618 0.011072289696139114
0.47853206759224315 -0.18575051945473342 0.8581979986041618 0.011072289696139114
0.47853206759224315 -0.18575051945473342 -0.8581979986041618 0.011072289696139114
0.47853206759224315 -0.8581979986041618 0.18575051945473342 0.011072289696139114
0.47853206759224315 -0.8581979986041618 -0.18575051945473342 0.011072289696139114
0.4783809380769521 0.6209475332444017 0.6209475332444017 0.011471488049641182
0.4783809380769521 0.6209475332444017 -0.6209475332444017 0.011471488049641182
0.4783809380769521 -0.6209475332444017 0.6209475332444017 0.011471488049641182
0.4783809380769521 -0.6209475332444017 -0.6209475332444017 0.011471488049641182
0.4718993627149124 0.7447294696321062 0.4718993627149124 0.011386162518795692
0.4718993627149124 0.7447294696321062 -0.4718993627149124 0.011386162518795692
0.4718993627149124 0.4718993627149124 0.7447294696321062 0.011386162518795692
0.4718993627149124 0.4718993627149124 -0.7447294696321062 0.011386162518795692
0.4718993627149124 -0.4718993627149124 0.7447294696321062 0.011386162518795692
0.4718993627149124 -0.4718993627149124 -0.7447294696321062 0.011386162518795692
0.4718993627149124 -0.7447294696321062 0.4718993627149124 0.011386162518795692
0.4718993627149124 -0.7447294696321062 -0.4718993627149124 0.011386162518795692
0.4507422593157063 0.8396753624049855 0.30294669735289803 0.011121592794211722
0.4507422593157063 0.8396753624049855 -0.30294669735289803 0.011121592794211722
0.4507422593157063 0.30294669735289803 0.8396753624049855 0.011121592794211722
0.4507422593157063 0.30294669735289803 -0.8396753624049855 0.011121592794211722
0.4507422593157063 -0.30294669735289803 0.8396753624049855 0.011121592794211722
0.4507422593157063 -0.30294669735289803 -0.8396753624049855 0.011121592794211722
0.4507422593157063 -0.8396753624049855 0.30294669735289803 0.011121592794211722
0.4507422593157063 -0.8396753624049855 -0.30294669735289803 0.011121592794211722
0.4238644781522337 0.7043837184021764 0.5693702498468439 0.011442635813972018
0.4238644781522337 0.7043837184021764 -0.5693702498468439 0.011442635813972018
0.4238644781522337 0.5693702498468439 0.7043837184021764 0.011442635813972018
0.4238644781522337 0.5693702498468439 -0.7043837184021764 0.011442635813972018
0.4238644781522337 -0.5693702498468439 0.7043837184021764 0.011442635813972018
0.4238644781522337 -0.5693702498468439 -0.7043837184021764 0.011442635813972018
0.4238644781522337 -0.7043837184021764 0.5693702498468439 0.011442635813972018
0.4238644781522337 -0.7043837184021764 -0.5693702498468439 0.011442635813972018
0.4172752955306712 0.9087801316819104 0.0 0.010635212041756525
0.4172752955306712 0.0 0.9087801316819104 0.010635212041756525
0.4172752955306712 0.0 -0.9087801316819104 0.010635212041756525
0.4172752955306712 -0.9087801316819104 0.0 0.010635212041756525
0.4121431461444309 0.8125737222999154 0.4121431461444309 0.011218094911064807
0.4121431461444309 0.8125737222999154 -0.4121431461444309 0.011218094911064807
0.4121431461444309 0.4121431461444309 0.8125737222999154 0.011218094911064807
0.4121431461444309 0.4121431461444309 -0.8125737222999154 0.011218094911064807
0.4121431461444309 -0.4121431461444309 0.8125737222999154 0.011218094911064807
0.4121431461444309 -0.4121431461444309 -0.8125737222999154 0.011218094911064807
0.4121431461444309 -0.8125737222999154 0.4121431461444309 0.011218094911064807
0.4121431461444309 -0.8125737222999154 -0.4121431461444309 0.011218094911064807
0.40902684270853557 0.9043674199393298 0.12172350510959856 0.010660541746028873
0.40902684270853557 0.9043674199393298 -0.12172350510959856 0.010660541746028873
0.40902684270853557 0.12172350510959856 0.9043674199393298 0.010660541746028873
0.40902684270853557 0.12172350510959856 -0.9043674199393298 0.010660541746028873
0.40902684270853557 -0.12172350510959856 0.9043674199393298 0.010660541746028873
0.40902684270853557 -0.12172350510959856 -0.9043674199393298 0.010660541746028873
0.40902684270853557 -0.9043674199393298 0.12172350510959856 0.010660541746028873
0.40902684270853557 -0.9043674199393298 -0.12172350510959856 0.010660541746028873
0.38542911506692223 0.8912407560074747 0.23902784793817222 0.01075216275547236
0.38542911506692223 0.8912407560074747 -0.23902784793817222 0.01075216275547236
0.38542911506692223 0.23902784793817222 0.8912407560074747 0.01075216275547236
0.38542911506692223 0.23902784793817222 -0.8912407560074747 0.01075216275547236
0.38542911506692223 -0.23902784793817222 0.8912407560074747 0.01075216275547236
0.38542911506692223 -0.23902784793817222 -0.8912407560074747 0.01075216275547236
0.38542911506692223 -0.8912407560074747 0.23902784793817222 0.01075216275547236
0.38542911506692223 -0.8912407560074747 -0.23902784793817222 0.01075216275547236
0.3698308664594257 0.6569722711857288 0.6569722711857288 0.011473994785594521
0.3698308664594257 0.6569722711857288 -0.6569722711857288 0.011473994785594521
0.3698308664594257 -0.6569722711857288 0.6569722711857288 0.011473994785594521
0.3698308664594257 -0.6569722711857288 -0.6569722711857288 0.011473994785594521
0.3649832260597652 0.7773563069070348 0.5123518486419868 0.011338250340387277
0.3649832260597652 0.7773563069070348 -0.5123518486419868 0.011338250340387277
0.3649832260597652 0.5123518486419868 0.7773563069070348 0.011338250340387277
0.3649832260597652 0.5123518486419868 -0.7773563069070348 0.011338250340387277
0.3649832260597652 -0.5123518486419868 0.7773563069070348 0.011338250340387277
0.3649832260597652 -0.5123518486419868 -0.7773563069070348 0.011338250340387277
0.3649832260597652 -0.7773563069070348 0.5123518486419868 0.011338250340387277
0.3649832260597652 -0.7773563069070348 -0.5123518486419868 0.011338250340387277
0.349117760096376 0.869616915181954 0.349117760096376 0.010916019799855469
0.349117760096376 0.869616915181954 -0.349117760096376 0.010916019799855469
0.349117760096376 0.349117760096376 0.869616915181954 0.010916019799855469
0.349117760096376 0.349117760096376 -0.869616915181954 0.010916019799855469
0.349117760096376 -0.349117760096376 0.869616915181954 0.010916019799855469
0.349117760096376 -0.349117760096376 -0.869616915181954 0.010916019799855469
0.349117760096376 -0.869616915181954 0.349117760096376 0.010916019799855469
0.349117760096376 -0.869616915181954 -0.349117760096376 0.010916019799855469
0.3354616289066486 0.940200799412881 0.05905888853235394 0.01005124658581504
0.3354616289066486 0.940200799412881 -0.05905888853235394 0.01005124658581504
0.3354616289066486 0.05905888853235394 0.940200799412881 0.01005124658581504
0.3354616289066486 0.05905888853235394 -0.940200799412881 0.01005124658581504
0.3354616289066486 -0.05905888853235394 0.940200799412881 0.01005124658581504
0.3354616289066486 -0.05905888853235394 -0.940200799412881 0.01005124658581504
0.3354616289066486 -0.940200799412881 0.05905888853235394 0.01005124658581504
0.3354616289066486 -0.940200799412881 -0.05905888853235394 0.01005124658581504
0.3173615246611973 0.9320822040143201 0.17465516775786244 0.010180936061523515
0.3173615246611973 0.9320822040143201 -0.17465516775786244 0.010180936061523515
0.3173615246611973 0.17465516775786244 0.9320822040143201 0.010180936061523515
0.3173615246611973 0.17465516775786244 -0.9320822040143201 0.010180936061523515
0.3173615246611973 -0.17465516775786244 0.9320822040143201 0.010180936061523515
0.3173615246611973 -0.17465516775786244 -0.9320822040143201 0.010180936061523515
0.3173615246611973 -0.9320822040143201 0.17465516775786244 0.010180936061523515
0.3173615246611973 -0.9320822040143201 -0.17465516775786244 0.010180936061523515
0.31122759471496064 0.7344305757559499 0.6031161693096306 0.011445216092623889
0.31122759471496064 0.7344305757559499 -0.6031161693096306 0.011445216092623889
0.31122759471496064 0.6031161693096306 0.7344305757559499 0.011445216092623889
0.31122759471496064 0.6031161693096306 -0.7344305757559499 0.011445216092623889
0.31122759471496064 -0.6031161693096306 0.7344305757559499 0.011445216092623889
0.31122759471496064 -0.6031161693096306 -0.7344305757559499 0.011445216092623889
0.31122759471496064 -0.7344305757559499 0.6031161693096306 0.011445216092623889
0.31122759471496064 -0.7344305757559499 -0.6031161693096306 0.011445216092623889
0.30294669735289803 0.8396753624049855 0.4507422593157063 0.011121592794211722
0.30294669735289803 0.8396753624049855 -0.4507422593157063 0.011121592794211722
0.30294669735289803 0.4507422593157063 0.8396753624049855 0.011121592794211722
0.30294669735289803 0.4507422593157063 -0.8396753624049855 0.011121592794211722
0.30294669735289803 -0.4507422593157063 0.8396753624049855 0.011121592794211722
0.30294669735289803 -0.4507422593157063 -0.8396753624049855 0.011121592794211722
0.30294669735289803 -0.8396753624049855 0.4507422593157063 0.011121592794211722
0.30294669735289803 -0.8396753624049855 -0.4507422593157063 0.011121592794211722
0.2839874532200173 0.9158068862086682 0.2839874532200173 0.010432030319154743
0.2839874532200173 0.9158068862086682 -0.2839874532200173 0.010432030319154743
0.2839874532200173 0.2839874532200173 0.9158068862086682 0.010432030319154743
0.2839874532200173 0.2839874532200173 -0.9158068862086682 0.010432030319154743
0.2839874532200173 -0.2839874532200173 0.9158068862086682 0.010432030319154743
0.2839874532200173 -0.2839874532200173 -0.9158068862086682 0.010432030319154743
0.2839874532200173 -0.9158068862086682 0.2839874532200173 0.010432030319154743
0.2839874532200173 -0.9158068862086682 -0.2839874532200173 0.010432030319154743
0.25820689594969676 0.966089643296119 0.0 0.009212586853638634
0.25820689594969676 0.0 0.966089643296119 0.009212586853638634
0.25820689594969676 0.0 -0.966089643296119 0.009212586853638634
0.25820689594969676 -0.966089643296119 0.0 0.009212586853638634
0.25258395570071807 0.6841788309070141 0.6841788309070141 0.011501840416310754
0.25258395570071807 0.6841788309070141 -0.6841788309070141 0.011501840416310754
0.25258395570071807 -0.6841788309070141 0.6841788309070141 0.011501840416310754
0.25258395570071807 -0.6841788309070141 -0.6841788309070141 0.011501840416310754
0.2494112162362235 0.8015469370783528 0.5434303569693898 0.011322415128391725
0.2494112162362235 0.8015469370783528 -0.5434303569693898 0.011322415128391725
0.2494112162362235 0.5434303569693898 0.8015469370783528 0.011322415128391725
0.2494112162362235 0.5434303569693898 -0.8015469370783528 0.011322415128391725
0.2494112162362235 -0.5434303569693898 0.8015469370783528 0.011322415128391725
0.2494112162362235 -0.5434303569693898 -0.8015469370783528 0.011322415128391725
0.2494112162362235 -0.8015469370783528 0.5434303569693898 0.011322415128391725
0.2494112162362235 -0.8015469370783528 -0.5434303569693898 0.011322415128391725
0.2475716463426287 0.9624249230326227 0.11156409571564724 0.009343135395659117
0.2475716463426287 0.9624249230326227 -0.11156409571564724 0.009343135395659117
0.2475716463426287 0.11156409571564724 0.9624249230326227 0.009343135395659117
0.2475716463426287 0.11156409571564724 -0.9624249230326227 0.009343135395659117
0.2475716463426287 -0.11156409571564724 0.9624249230326227 0.009343135395659117
0.2475716463426287 -0.11156409571564724 -0.9624249230326227 0.009343135395659117
0.2475716463426287 -0.9624249230326227 0.11156409571564724 0.009343135395659117
0.2475716463426287 -0.9624249230326227 -0.11156409571564724 0.009343135395659117
0.23902784793817222 0.8912407560074747 0.38542911506692223 0.01075216275547236
0.23902784793817222 0.8912407560074747 -0.38542911506692223 0.01075216275547236
0.23902784793817222 0.38542911506692223 0.8912407560074747 0.01075216275547236
0.23902784793817222 0.38542911506692223 -0.8912407560074747 0.01075216275547236
0.23902784793817222 -0.38542911506692223 0.8912407560074747 0.01075216275547236
0.23902784793817222 -0.38542911506692223 -0.8912407560074747 0.01075216275547236
0.23902784793817222 -0.8912407560074747 0.38542911506692223 0.01075216275547236
0.23902784793817222 -0.8912407560074747 -0.38542911506692223 0.01075216275547236
0.2180928891660608 0.9512470674805783 0.2180928891660608 0.009701663550207563
0.2180928891660608 0.9512470674805783 -0.2180928891660608 0.009701663550207563
0.2180928891660608 0.2180928891660608 0.9512470674805783 0.009701663550207563
0.2180928891660608 0.2180928891660608 -0.9512470674805783 0.009701663550207563
0.2180928891660608 -0.2180928891660608 0.9512470674805783 0.009701663550207563
0.2180928891660608 -0.2180928891660608 -0.9512470674805783 0.009701663550207563
0.2180928891660608 -0.9512470674805783 0.2180928891660608 0.009701663550207563
0.2180928891660608 -0.9512470674805783 -0.2180928891660608 0.009701663550207563
0.19060182227792305 0.7553584143533509 0.6269805509024392 0.011475079348201543
0.19060182227792305 0.7553584143533509 -0.6269805509024392 0.011475079348201543
0.19060182227792305 0.6269805509024392 0.7553584143533509 0.011475079348201543
0.19060182227792305 0.6269805509024392 -0.7553584143533509 0.011475079348201543
0.19060182227792305 -0.6269805509024392 0.7553584143533509 0.011475079348201543
0.19060182227792305 -0.6269805509024392 -0.7553584143533509 0.011475079348201543
0.19060182227792305 -0.7553584143533509 0.6269805509024392 0.011475079348201543
0.19060182227792305 -0.7553584143533509 -0.6269805509024392 0.011475079348201543
0.18575051945473342 0.8581979986041618 0.47853206759224315 0.011072289696139114
0.18575051945473342 0.8581979986041618 -0.47853206759224315 0.011072289696139114
0.18575051945473342 0.47853206759224315 0.8581979986041618 0.011072289696139114
0.18575051945473342 0.47853206759224315 -0.8581979986041618 0.011072289696139114
0.18575051945473342 -0.47853206759224315 0.8581979986041618 0.011072289696139114
0.18575051945473342 -0.47853206759224315 -0.8581979986041618 0.011072289696139114
0.18575051945473342 -0.8581979986041618 0.47853206759224315 0.011072289696139114
0.18575051945473342 -0.8581979986041618 -0.47853206759224315 0.011072289696139114
0.17717740226153222 0.9827986018263947 0.052106394770112655 0.008150269576503371
0.17717740226153222 0.9827986018263947 -0.052106394770112655 0.008150269576503371
0.17717740226153222 0.052106394770112655 0.9827986018263947 0.008150269576503371
0.17717740226153222 0.052106394770112655 -0.9827986018263947 0.008150269576503371
0.17717740226153222 -0.052106394770112655 0.9827986018263947 0.008150269576503371
0.17717740226153222 -0.052106394770112655 -0.9827986018263947 0.008150269576503371
0.17717740226153222 -0.9827986018263947 0.052106394770112655 0.008150269576503371
0.17717740226153222 -0.9827986018263947 -0.052106394770112655 0.008150269576503371
0.17465516775786244 0.9320822040143201 0.3173615246611973 0.010180936061523515
0.17465516775786244 0.9320822040143201 -0.3173615246611973 0.010180936061523515
0.17465516775786244 0.3173615246611973 0.9320822040143201 0.010180936061523515
0.17465516775786244 0.3173615246611973 -0.9320822040143201 0.010180936061523515
0.17465516775786244 -0.3173615246611973 0.9320822040143201 0.010180936061523515
0.17465516775786244 -0.3173615246611973 -0.9320822040143201 0.010180936061523515
0.17465516775786244 -0.9320822040143201 0.3173615246611973 0.010180936061523515
0.17465516775786244 -0.9320822040143201 -0.3173615246611973 0.010180936061523515
0.15310778524699017 0.976276606394685 0.15310778524699017 0.008627187438741388
0.15310778524699017 0.976276606394685 -0.15310778524699017 0.008627187438741388
0.15310778524699017 0.15310778524699017 0.976276606394685 0.008627187438741388
0.15310778524699017 0.15310778524699017 -0.976276606394685 0.008627187438741388
0.15310778524699017 -0.15310778524699017 0.976276606394685 0.008627187438741388
0.15310778524699017 -0.15310778524699017 -0.976276606394685 0.008627187438741388
0.15310778524699017 -0.976276606394685 0.15310778524699017 0.008627187438741388
0.15310778524699017 -0.976276606394685 -0.15310778524699017 0.008627187438741388
0.12832618665972254 0.701260433012363 0.701260433012363 0.011545272921891236
0.12832618665972254 0.701260433012363 -0.701260433012363 0.011545272921891236
0.12832618665972254 -0.701260433012363 0.701260433012363 0.011545272921891236
0.12832618665972254 -0.701260433012363 -0.701260433012363 0.011545272921891236
0.1267774800684278 0.8165288564022187 0.5632123020762098 0.011336553076873167
0.1267774800684278 0.8165288564022187 -0.5632123020762098 0.011336553076873167
0.1267774800684278 0.5632123020762098 0.8165288564022187 0.011336553076873167
0.1267774800684278 0.5632123020762098 -0.8165288564022187 0.011336553076873167
0.1267774800684278 -0.5632123020762098 0.8165288564022187 0.011336553076873167
0.1267774800684278 -0.5632123020762098 -0.8165288564022187 0.011336553076873167
0.1267774800684278 -0.8165288564022187 0.5632123020762098 0.011336553076873167
0.1267774800684278 -0.8165288564022187 -0.5632123020762098 0.011336553076873167
0.12172350510959856 0.9043674199393298 0.40902684270853557 0.010660541746028873
0.12172350510959856 0.9043674199393298 -0.40902684270853557 0.010660541746028873
0.12172350510959856 0.40902684270853557 0.9043674199393298 0.010660541746028873
0.12172350510959856 0.40902684270853557 -0.9043674199393298 0.010660541746028873
0.12172350510959856 -0.40902684270853557 0.9043674199393298 0.010660541746028873
0.12172350510959856 -0.40902684270853557 -0.9043674199393298 0.010660541746028873
0.12172350510959856 -0.9043674199393298 0.40902684270853557 0.010660541746028873
0.12172350510959856 -0.9043674199393298 -0.40902684270853557 0.010660541746028873
0.11156409571564724 0.9624249230326227 0.2475716463426287 0.009343135395659117
0.11156409571564724 0.9624249230326227 -0.2475716463426287 0.009343135395659117
0.11156409571564724 0.2475716463426287 0.9624249230326227 0.009343135395659117
0.11156409571564724 0.2475716463426287 -0.9624249230326227 0.009343135395659117
0.11156409571564724 -0.2475716463426287 0.9624249230326227 0.009343135395659117
0.11156409571564724 -0.2475716463426287 -0.9624249230326227 0.009343135395659117
0.11156409571564724 -0.9624249230326227 0.2475716463426287 0.009343135395659117
0.11156409571564724 -0.9624249230326227 -0.2475716463426287 0.009343135395659117
0.10723822154781618 0.9942333548213224 0.0 0.006505581557691031
0.10723822154781618 0.0 0.9942333548213224 0.006505581557691031
0.10723822154781618 0.0 -0.9942333548213224 0.006505581557691031
0.10723822154781618 -0.9942333548213224 0.0 0.006505581557691031
0.09140060412262146 0.9916107397220137 0.09140060412262146 0.007042182692929972
0.09140060412262146 0.9916107397220137 -0.09140060412262146 0.007042182692929972
0.09140060412262146 0.09140060412262146 0.9916107397220137 0.007042182692929972
0.09140060412262146 0.09140060412262146 -0.9916107397220137 0.007042182692929972
0.09140060412262146 -0.09140060412262146 0.9916107397220137 0.007042182692929972
0.09140060412262146 -0.09140060412262146 -0.9916107397220137 0.007042182692929972
0.09140060412262146 -0.9916107397220137 0.09140060412262146 0.007042182692929972
0.09140060412262146 -0.9916107397220137 -0.09140060412262146 0.007042182692929972
0.06424549224220728 0.7661621213900393 0.6394279634749099 0.011508302534345042
0.06424549224220728 0.7661621213900393 -0.6394279634749099 0.011508302534345042
0.06424549224220728 0.6394279634749099 0.7661621213900393 0.011508302534345042
0.06424549224220728 0.6394279634749099 -0.7661621213900393 0.011508302534345042
0.06424549224220728 -0.6394279634749099 0.7661621213900393 0.011508302534345042
0.06424549224220728 -0.6394279634749099 -0.7661621213900393 0.011508302534345042
0.06424549224220728 -0.7661621213900393 0.6394279634749099 0.011508302534345042
0.06424549224220728 -0.7661621213900393 -0.6394279634749099 0.011508302534345042
0.06266250624154185 0.8676435628462706 0.4932221184851284 0.011062438286515635
0.06266250624154185 0.8676435628462706 -0.4932221184851284 0.011062438286515635
0.06266250624154185 0.4932221184851284 0.8676435628462706 0.011062438286515635
0.06266250624154185 0.4932221184851284 -0.8676435628462706 0.011062438286515635
0.06266250624154185 -0.4932221184851284 0.8676435628462706 0.011062438286515635
0.06266250624154185 -0.4932221184851284 -0.8676435628462706 0.011062438286515635
0.06266250624154185 -0.8676435628462706 0.4932221184851284 0.011062438286515635
0.06266250624154185 -0.8676435628462706 -0.4932221184851284 0.011062438286515635
0.05905888853235394 0.940200799412881 0.3354616289066486 0.01005124658581504
0.05905888853235394 0.940200799412881 -0.3354616289066486 0.01005124658581504
0.05905888853235394 0.3354616289066486 0.940200799412881 0.01005124658581504
0.05905888853235394 0.3354616289066486 -0.940200799412881 0.01005124658581504
0.05905888853235394 -0.3354616289066486 0.940200799412881 0.01005124658581504
0.05905888853235394 -0.3354616289066486 -0.940200799412881 0.01005124658581504
0.05905888853235394 -0.940200799412881 0.3354616289066486 0.01005124658581504
0.05905888853235394 -0.940200799412881 -0.3354616289066486 0.01005124658581504
0.052106394770112655 0.9827986018263947 0.17717740226153222 0.008150269576503371
0.052106394770112655 0.9827986018263947 -0.17717740226153222 0.008150269576503371
0.052106394770112655 0.17717740226153222 0.9827986018263947 0.008150269576503371
0.052106394770112655 0.17717740226153222 -0.9827986018263947 0.008150269576503371
0.052106394770112655 -0.17717740226153222 0.9827986018263947 0.008150269576503371
0.052106394770112655 -0.17717740226153222 -0.9827986018263947 0.008150269576503371
0.052106394770112655 -0.9827986018263947 0.17717740226153222 0.008150269576503371
0.052106394770112655 -0.9827986018263947 -0.17717740226153222 0.008150269576503371
0.03712636449656972 0.9986206817999193 0.03712636449656972 0.004637520929386613
0.03712636449656972 0.9986206817999193 -0.03712636449656972 0.004637520929386613
0.03712636449656972 0.03712636449656972 0.9986206817999193 0.004637520929386613
0.03712636449656972 0.03712636449656972 -0.9986206817999193 0.004637520929386613
0.03712636449656972 -0.03712636449656972 0.9986206817999193 0.004637520929386613
0.03712636449656972 -0.03712636449656972 -0.9986206817999193 0.004637520929386613
0.03712636449656972 -0.9986206817999193 0.03712636449656972 0.004637520929386613
0.03712636449656972 -0.9986206817999193 -0.03712636449656972 0.004637520929386613
0.0 1.0 0.0 0.0013888217504270273
0.0 0.9942333548213224 0.10723822154781618 0.006505581557691031
0.0 0.9942333548213224 -0.10723822154781618 0.006505581557691031
0.0 0.966089643296119 0.25820689594969676 0.009212586853638634
0.0 0.966089643296119 -0.25820689594969676 0.009212586853638634
0.0 0.9087801316819104 0.4172752955306712 0.010635212041756525
0.0 0.9087801316819104 -0.4172752955306712 0.010635212041756525
0.0 0.8216192370614334 0.5700366911792503 0.011348843483969544
0.0 0.8216192370614334 -0.5700366911792503 0.011348843483969544
0.0 0.7071067811865475 0.7071067811865475 0.01156763661782712
0.0 0.7071067811865475 -0.7071067811865475 0.01156763661782712
0.0 0.5700366911792503 0.8216192370614334 0.011348843483969544
0.0 0.5700366911792503 -0.8216192370614334 0.011348843483969544
0.0 0.4172752955306712 0.9087801316819104 0.010635212041756525
0.0 0.4172752955306712 -0.9087801316819104 0.010635212041756525
0.0 0.25820689594969676 0.966089643296119 0.009212586853638634
0.0 0.25820689594969676 -0.966089643296119 0.009212586853638634
0.0 0.10723822154781618 0.9942333548213224 0.006505581557691031
0.0 0.10723822154781618 -0.9942333548213224 0.006505581557691031
0.0 0.0 1.0 0.0013888217504270273
0.0 0.0 -1.0 0.0013888217504270273
0.0 -0.10723822154781618 0.9942333548213224 0.006505581557691031
0.0 -0.10723822154781618 -0.9942333548213224 0.006505581557691031
0.0 -0.25820689594969676 0.966089643296119 0.009212586853638634
0.0 -0.25820689594969676 -0.966089643296119 0.009212586853638634
0.0 -0.4172752955306712 0.9087801316819104 0.010635212041756525
0.0 -0.4172752955306712 -0.9087801316819104 0.010635212041756525
0.0 -0.5700366911792503 0.8216192370614334 0.011348843483969544
0.0 -0.5700366911792503 -0.8216192370614334 0.011348843483969544
0.0 -0.7071067811865475 0.7071067811865475 0.01156763661782712
0.0 -0.7071067811865475 -0.7071067811865475 0.01156763661782712
0.0 -0.8216192370614334 0.5700366911792503 0.011348843483969544
0.0 -0.8216192370614334 -0.5700366911792503 0.011348843483969544
0.0 -0.9087801316819104 0.4172752955306712 0.010635212041756525
0.0 -0.9087801316819104 -0.4172752955306712 0.010635212041756525
0.0 -0.966089643296119 0.25820689594969676 0.009212586853638634
0.0 -0.966089643296119 -0.25820689594969676 0.009212586853638634
0.0 -0.9942333548213224 0.10723822154781618 0.006505581557691031
0.0 -0.9942333548213224 -0.10723822154781618 0.006505581557691031
0.0 -1.0 0.0 0.0013888217504270273
-0.03712636449656972 0.9986206817999193 0.03712636449656972 0.004637520929386613
-0.03712636449656972 0.9986206817999193 -0.03712636449656972 0.004637520929386613
-0.03712636449656972 0.03712636449656972 0.9986206817999193 0.004637520929386613
-0.03712636449656972 0.03712636449656972 -0.9986206817999193 0.004637520929386613
-0.03712636449656972 -0.03712636449656972 0.9986206817999193 0.004637520929386613
-0.03712636449656972 -0.03712636449656972 -0.9986206817999193 0.004637520929386613
-0.03712636449656972 -0.9986206817999193 0.03712636449656972 0.004637520929386613
-0.03712636449656972 -0.9986206817999193 -0.03712636449656972 0.004637520929386613
-0.052106394770112655 0.9827986018263947 0.17717740226153222 0.008150269576503371
-0.052106394770112655 0.9827986018263947 -0.17717740226153222 0.008150269576503371
-0.052106394770112655 0.17717740226153222 0.9827986018263947 0.008150269576503371
-0.052106394770112655 0.17717740226153222 -0.9827986018263947 0.008150269576503371
-0.052106394770112655 -0.17717740226153222 0.9827986018263947 0.008150269576503371
-0.052106394770112655 -0.17717740226153222 -0.9827986018263947 0.008150269576503371
-0.052106394770112655 -0.9827986018263947 0.17717740226153222 0.008150269576503371
-0.052106394770112655 -0.9827986018263947 -0.17717740226153222 0.008150269576503371
-0.05905888853235394 0.940200799412881 0.3354616289066486 0.01005124658581504
-0.05905888853235394 0.940200799412881 -0.3354616289066486 0.01005124658581504
-0.05905888853235394 0.3354616289066486 0.940200799412881 0.01005124658581504
-0.05905888853235394 0.3354616289066486 -0.940200799412881 0.01005124658581504
-0.05905888853235394 -0.3354616289066486 0.940200799412881 0.01005124658581504
-0.05905888853235394 -0.3354616289066486 -0.940200799412881 0.01005124658581504
-0.05905888853235394 -0.940200799412881 0.3354616289066486 0.01005124658581504
-0.05905888853235394 -0.940200799412881 -0.3354616289066486 0.01005124658581504
-0.06266250624154185 0.8676435628462706 0.4932221184851284 0.011062438286515635
-0.06266250624154185 0.8676435628462706 -0.4932221184851284 0.011062438286515635
-0.06266250624154185 0.4932221184851284 0.8676435628462706 0.011062438286515635
-0.06266250624154185 0.4932221184851284 -0.8676435628462706 0.011062438286515635
-0.06266250624154185 -0.4932221184851284 0.8676435628462706 0.011062438286515635
-0.06266250624154185 -0.4932221184851284 -0.8676435628462706 0.011062438286515635
-0.06266250624154185 -0.8676435628462706 0.4932221184851284 0.011062438286515635
-0.06266250624154185 -0.8676435628462706 -0.4932221184851284 0.011062438286515635
-0.06424549224220728 0.7661621213900393 0.6394279634749099 0.011508302534345042
-0.06424549224220728 0.7661621213900393 -0.6394279634749099 0.011508302534345042
-0.06424549224220728 0.6394279634749099 0.7661621213900393 0.011508302534345042
-0.06424549224220728 0.6394279634749099 -0.7661621213900393 0.011508302534345042
-0.06424549224220728 -0.6394279634749099 0.7661621213900393 0.011508302534345042
-0.06424549224220728 -0.6394279634749099 -0.7661621213900393 0.011508302534345042
-0.06424549224220728 -0.7661621213900393 0.6394279634749099 0.011508302534345042
-0.06424549224220728 -0.7661621213900393 -0.6394279634749099 0.011508302534345042
-0.09140060412262146 0.9916107397220137 0.09140060412262146 0.007042182692929972
-0.09140060412262146 0.9916107397220137 -0.09140060412262146 0.007042182692929972
-0.09140060412262146 0.09140060412262146 0.9916107397220137 0.007042182692929972
-0.09140060412262146 0.09140060412262146 -0.9916107397220137 0.007042182692929972
-0.09140060412262146 -0.09140060412262146 0.9916107397220137 0.007042182692929972
-0.09140060412262146 -0.09140060412262146 -0.9916107397220137 0.007042182692929972
-0.09140060412262146 -0.9916107397220137 0.09140060412262146 0.007042182692929972
-0.09140060412262146 -0.9916107397220137 -0.09140060412262146 0.007042182692929972
-0.10723822154781618 0.9942333548213224 0.0 0.006505581557691031
-0.10723822154781618 0.0 0.9942333548213224 0.006505581557691031
-0.10723822154781618 0.0 -0.9942333548213224 0.006505581557691031
-0.10723822154781618 -0.9942333548213224 0.0 0.006505581557691031
-0.11156409571564724 0.9624249230326227 0.2475716463426287 0.009343135395659117
-0.11156409571564724 0.9624249230326227 -0.2475716463426287 0.009343135395659117
-0.11156409571564724 0.2475716463426287 0.9624249230326227 0.009343135395659117
-0.11156409571564724 0.2475716463426287 -0.9624249230326227 0.009343135395659117
-0.11156409571564724 -0.2475716463426287 0.9624249230326227 0.009343135395659117
-0.11156409571564724 -0.2475716463426287 -0.9624249230326227 0.009343135395659117
-0.11156409571564724 -0.9624249230326227 0.2475716463426287 0.009343135395659117
-0.11156409571564724 -0.9624249230326227 -0.2475716463426287 0.009343135395659117
-0.12172350510959856 0.9043674199393298 0.40902684270853557 0.010660541746028873
-0.12172350510959856 0.9043674199393298 -0.40902684270853557 0.010660541746028873
-0.12172350510959856 0.40902684270853557 0.9043674199393298 0.010660541746028873
-0.12172350510959856 0.40902684270853557 -0.9043674199393298 0.010660541746028873
-0.12172350510959856 -0.40902684270853557 0.9043674199393298 0.010660541746028873
-0.12172350510959856 -0.40902684270853557 -0.9043674199393298 0.010660541746028873
-0.12172350510959856 -0.9043674199393298 0.40902684270853557 0.010660541746028873
-0.12172350510959856 -0.9043674199393298 -0.40902684270853557 0.010660541746028873
-0.1267774800684278 0.8165288564022187 0.5632123020762098 0.011336553076873167
-0.1267774800684278 0.8165288564022187 -0.5632123020762098 0.011336553076873167
-0.1267774800684278 0.5632123020762098 0.8165288564022187 0.011336553076873167
-0.1267774800684278 0.5632123020762098 -0.8165288564022187 0.011336553076873167
-0.1267774800684278 -0.5632123020762098 0.8165288564022187 0.011336553076873167
-0.1267774800684278 -0.5632123020762098 -0.8165288564022187 0.011336553076873167
-0.1267774800684278 -0.8165288564022187 0.5632123020762098 0.011336553076873167
-0.1267774800684278 -0.8165288564022187 -0.5632123020762098 0.011336553076873167
-0.12832618665972254 0.701260433012363 0.701260433012363 0.011545272921891236
-0.12832618665972254 0.701260433012363 -0.701260433012363 0.011545272921891236
-0.12832618665972254 -0.701260433012363 0.701260433012363 0.011545272921891236
-0.12832618665972254 -0.701260433012363 -0.701260433012363 0.011545272921891236
-0.15310778524699017 0.976276606394685 0.15310778524699017 0.008627187438741388
-0.15310778524699017 0.976276606394685 -0.15310778524699017 0.008627187438741388
-0.15310778524699017 0.15310778524699017 0.976276606394685 0.008627187438741388
-0.15310778524699017 0.15310778524699017 -0.976276606394685 0.008627187438741388
-0.15310778524699017 -0.15310778524699017 0.976276606394685 0.008627187438741388
-0.15310778524699017 -0.15310778524699017 -0.976276606394685 0.008627187438741388
-0.15310778524699017 -0.976276606394685 0.15310778524699017 0.008627187438741388
-0.15310778524699017 -0.976276606394685 -0.15310778524699017 0.008627187438741388
-0.17465516775786244 0.9320822040143201 0.3173615246611973 0.010180936061523515
-0.17465516775786244 0.9320822040143201 -0.3173615246611973 0.010180936061523515
-0.17465516775786244 0.3173615246611973 0.9320822040143201 0.010180936061523515
-0.17465516775786244 0.3173615246611973 -0.9320822040143201 0.010180936061523515
-0.17465516775786244 -0.3173615246611973 0.9320822040143201 0.010180936061523515
-0.17465516775786244 -0.3173615246611973 -0.9320822040143201 0.010180936061523515
-0.17465516775786244 -0.9320822040143201 0.3173615246611973 0.010180936061523515
-0.17465516775786244 -0.9320822040143201 -0.3173615246611973 0.010180936061523515
-0.17717740226153222 0.9827986018263947 0.052106394770112655 0.008150269576503371
-0.17717740226153222 0.9827986018263947 -0.052106394770112655 0.008150269576503371
-0.17717740226153222 0.052106394770112655 0.9827986018263947 0.008150269576503371
-0.17717740226153222 0.052106394770112655 -0.9827986018263947 0.008150269576503371
-0.17717740226153222 -0.052106394770112655 0.9827986018263947 0.008150269576503371
-0.17717740226153222 -0.052106394770112655 -0.9827986018263947 0.008150269576503371
-0.17717740226153222 -0.9827986018263947 0.052106394770112655 0.008150269576503371
-0.17717740226153222 -0.9827986018263947 -0.052106394770112655 0.008150269576503371
-0.18575051945473342 0.8581979986041618 0.47853206759224315 0.011072289696139114
-0.18575051945473342 0.8581979986041618 -0.47853206759224315 0.011072289696139114
-0.18575051945473342 0.47853206759224315 0.8581979986041618 0.011072289696139114
-0.18575051945473342 0.47853206759224315 -0.8581979986041618 0.011072289696139114
-0.18575051945473342 -0.47853206759224315 0.8581979986041618 0.011072289696139114
-0.18575051945473342 -0.47853206759224315 -0.8581979986041618 0.011072289696139114
-0.18575051945473342 -0.8581979986041618 0.47853206759224315 0.011072289696139114
-0.18575051945473342 -0.8581979986041618 -0.47853206759224315 0.011072289696139114
-0.19060182227792305 0.7553584143533509 0.6269805509024392 0.011475079348201543
-0.19060182227792305 0.7553584143533509 -0.6269805509024392 0.011475079348201543
-0.19060182227792305 0.6269805509024392 0.7553584143533509 0.011475079348201543
-0.19060182227792305 0.6269805509024392 -0.7553584143533509 0.011475079348201543
-0.19060182227792305 -0.6269805509024392 0.7553584143533509 0.011475079348201543
-0.19060182227792305 -0.6269805509024392 -0.7553584143533509 0.011475079348201543
-0.19060182227792305 -0.7553584143533509 0.6269805509024392 0.011475079348201543
-0.19060182227792305 -0.7553584143533509 -0.6269805509024392 0.011475079348201543
-0.2180928891660608 0.9512470674805783 0.2180928891660608 0.009701663550207563
-0.2180928891660608 0.9512470674805783 -0.2180928891660608 0.009701663550207563
-0.2180928891660608 0.2180928891660608 0.9512470674805783 0.009701663550207563
-0.2180928891660608 0.2180928891660608 -0.9512470674805783 0.009701663550207563
-0.2180928891660608 -0.2180928891660608 0.9512470674805783 0.009701663550207563
-0.2180928891660608 -0.2180928891660608 -0.9512470674805783 0.009701663550207563
-0.2180928891660608 -0.9512470674805783 0.2180928891660608 0.009701663550207563
-0.2180928891660608 -0.9512470674805783 -0.2180928891660608 0.009701663550207563
-0.23902784793817222 0.8912407560074747 0.38542911506692223 0.01075216275547236
-0.23902784793817222 0.8912407560074747 -0.38542911506692223 0.01075216275547236
-0.23902784793817222 0.38542911506692223 0.8912407560074747 0.01075216275547236
-0.23902784793817222 0.38542911506692223 -0.8912407560074747 0.01075216275547236
-0.23902784793817222 -0.38542911506692223 0.8912407560074747 0.01075216275547236
-0.23902784793817222 -0.38542911506692223 -0.8912407560074747 0.01075216275547236
-0.23902784793817222 -0.8912407560074747 0.38542911506692223 0.01075216275547236
-0.23902784793817222 -0.8912407560074747 -0.38542911506692223 0.01075216275547236
-0.2475716463426287 0.9624249230326227 0.11156409571564724 0.009343135395659117
-0.2475716463426287 0.9624249230326227 -0.11156409571564724 0.009343135395659117
-0.2475716463426287 0.11156409571564724 0.9624249230326227 0.009343135395659117
-0.2475716463426287 0.11156409571564724 -0.9624249230326227 0.009343135395659117
-0.2475716463426287 -0.11156409571564724 0.9624249230326227 0.009343135395659117
-0.2475716463426287 -0.11156409571564724 -0.9624249230326227 0.009343135395659117
-0.2475716463426287 -0.9624249230326227 0.11156409571564724 0.009343135395659117
-0.2475716463426287 -0.9624249230326227 -0.11156409571564724 0.009343135395659117
-0.2494112162362235 0.8015469370783528 0.5434303569693898 0.011322415128391725
-0.2494112162362235 0.8015469370783528 -0.5434303569693898 0.011322415128391725
-0.2494112162362235 0.5434303569693898 0.8015469370783528 0.011322415128391725
-0.2494112162362235 0.5434303569693898 -0.8015469370783528 0.011322415128391725
-0.2494112162362235 -0.5434303569693898 0.8015469370783528 0.011322415128391725
-0.2494112162362235 -0.5434303569693898 -0.8015469370783528 0.011322415128391725
-0.2494112162362235 -0.8015469370783528 0.5434303569693898 0.011322415128391725
-0.2494112162362235 -0.8015469370783528 -0.5434303569693898 0.011322415128391725
-0.25258395570071807 0.6841788309070141 0.6841788309070141 0.011501840416310754
-0.25258395570071807 0.6841788309070141 -0.6841788309070141 0.011501840416310754
-0.25258395570071807 -0.6841788309070141 0.6841788309070141 0.011501840416310754
-0.25258395570071807 -0.6841788309070141 -0.6841788309070141 0.011501840416310754
-0.25820689594969676 0.966089643296119 0.0 0.009212586853638634
-0.25820689594969676 0.0 0.966089643296119 0.009212586853638634
-0.25820689594969676 0.0 -0.966089643296119 0.009212586853638634
-0.25820689594969676 -0.966089643296119 0.0 0.009212586853638634
-0.2839874532200173 0.9158068862086682 0.2839874532200173 0.010432030319154743
-0.2839874532200173 0.9158068862086682 -0.2839874532200173 0.010432030319154743
-0.2839874532200173 0.2839874532200173 0.9158068862086682 0.010432030319154743
-0.2839874532200173 0.2839874532200173 -0.9158068862086682 0.010432030319154743
-0.2839874532200173 -0.2839874532200173 0.9158068862086682 0.010432030319154743
-0.2839874532200173 -0.2839874532200173 -0.9158068862086682 0.010432030319154743
-0.2839874532200173 -0.9158068862086682 0.2839874532200173 0.010432030319154743
-0.2839874532200173 -0.9158068862086682 -0.2839874532200173 0.010432030319154743
-0.30294669735289803 0.8396753624049855 0.4507422593157063 0.011121592794211722
-0.30294669735289803 0.8396753624049855 -0.4507422593157063 0.011121592794211722
-0.30294669735289803 0.4507422593157063 0.8396753624049855 0.011121592794211722
-0.30294669735289803 0.4507422593157063 -0.8396753624049855 0.011121592794211722
-0.30294669735289803 -0.4507422593157063 0.8396753624049855 0.011121592794211722
-0.30294669735289803 -0.4507422593157063 -0.8396753624049855 0.011121592794211722
-0.30294669735289803 -0.8396753624049855 0.4507422593157063 0.011121592794211722
-0.30294669735289803 -0.8396753624049855 -0.4507422593157063 0.011121592794211722
-0.31122759471496064 0.7344305757559499 0.6031161693096306 0.011445216092623889
-0.31122759471496064 0.7344305757559499 -0.6031161693096306 0.011445216092623889
-0.31122759471496064 0.6031161693096306 0.7344305757559499 0.011445216092623889
-0.31122759471496064 0.6031161693096306 -0.7344305757559499 0.011445216092623889
-0.31122759471496064 -0.6031161693096306 0.7344305757559499 0.011445216092623889
-0.31122759471496064 -0.6031161693096306 -0.7344305757559499 0.011445216092623889
-0.31122759471496064 -0.7344305757559499 0.6031161693096306 0.011445216092623889
-0.31122759471496064 -0.7344305757559499 -0.6031161693096306 0.011445216092623889
-0.3173615246611973 0.9320822040143201 0.17465516775786244 0.010180936061523515
-0.3173615246611973 0.9320822040143201 -0.17465516775786244 0.010180936061523515
-0.3173615246611973 0.17465516775786244 0.9320822040143201 0.010180936061523515
-0.3173615246611973 0.17465516775786244 -0.9320822040143201 0.010180936061523515
-0.3173615246611973 -0.17465516775786244 0.9320822040143201 0.010180936061523515
-0.3173615246611973 -0.17465516775786244 -0.9320822040143201 0.010180936061523515
-0.3173615246611973 -0.9320822040143201 0.17465516775786244 0.010180936061523515
-0.3173615246611973 -0.9320822040143201 -0.17465516775786244 0.010180936061523515
-0.3354616289066486 0.940200799412881 0.05905888853235394 0.01005124658581504
-0.3354616289066486 0.940200799412881 -0.05905888853235394 0.01005124658581504
-0.3354616289066486 0.05905888853235394 0.940200799412881 0.01005124658581504
-0.3354616289066486 0.05905888853235394 -0.940200799412881 0.01005124658581504
-0.3354616289066486 -0.05905888853235394 0.940200799412881 0.01005124658581504
-0.3354616289066486 -0.05905888853235394 -0.940200799412881 0.01005124658581504
-0.3354616289066486 -0.940200799412881 0.05905888853235394 0.01005124658581504
-0.3354616289066486 -0.940200799412881 -0.05905888853235394 0.01005124658581504
-0.349117760096376 0.869616915181954 0.349117760096376 0.010916019799855469
-0.349117760096376 0.869616915181954 -0.349117760096376 0.010916019799855469
-0.349117760096376 0.349117760096376 0.869616915181954 0.010916019799855469
-0.349117760096376 0.349117760096376 -0.869616915181954 0.010916019799855469
-0.349117760096376 -0.349117760096376 0.869616915181954 0.010916019799855469
-0.349117760096376 -0.349117760096376 -0.869616915181954 0.010916019799855469
-0.349117760096376 -0.869616915181954 0.349117760096376 0.010916019799855469
-0.349117760096376 -0.869616915181954 -0.349117760096376 0.010916019799855469
-0.3649832260597652 0.7773563069070348 0.5123518486419868 0.011338250340387277
-0.3649832260597652 0.7773563069070348 -0.5123518486419868 0.011338250340387277
-0.3649832260597652 0.5123518486419868 0.7773563069070348 0.011338250340387277
-0.3649832260597652 0.5123518486419868 -0.7773563069070348 0.011338250340387277
-0.3649832260597652 -0.5123518486419868 0.7773563069070348 0.011338250340387277
-0.3649832260597652 -0.5123518486419868 -0.7773563069070348 0.011338250340387277
-0.3649832260597652 -0.7773563069070348 0.5123518486419868 0.011338250340387277
-0.3649832260597652 -0.7773563069070348 -0.5123518486419868 0.011338250340387277
-0.3698308664594257 0.6569722711857288 0.6569722711857288 0.011473994785594521
-0.3698308664594257 0.6569722711857288 -0.6569722711857288 0.011473994785594521
-0.3698308664594257 -0.6569722711857288 0.6569722711857288 0.011473994785594521
-0.3698308664594257 -0.6569722711857288 -0.6569722711857288 0.011473994785594521
-0.38542911506692223 0.8912407560074747 0.23902784793817222 0.01075216275547236
-0.38542911506692223 0.8912407560074747 -0.23902784793817222 0.01075216275547236
-0.38542911506692223 0.23902784793817222 0.8912407560074747 0.01075216275547236
-0.38542911506692223 0.23902784793817222 -0.8912407560074747 0.01075216275547236
-0.38542911506692223 -0.23902784793817222 0.8912407560074747 0.01075216275547236
-0.38542911506692223 -0.23902784793817222 -0.8912407560074747 0.01075216275547236
-0.38542911506692223 -0.8912407560074747 0.23902784793817222 0.01075216275547236
-0.38542911506692223 -0.8912407560074747 -0.23902784793817222 0.01075216275547236
-0.40902684270853557 0.9043674199393298 0.12172350510959856 0.010660541746028873
-0.40902684270853557 0.9043674199393298 -0.12172350510959856 0.010660541746028873
-0.40902684270853557 0.12172350510959856 0.9043674199393298 0.010660541746028873
-0.40902684270853557 0.12172350510959856 -0.9043674199393298 0.010660541746028873
-0.40902684270853557 -0.12172350510959856 0.9043674199393298 0.010660541746028873
-0.40902684270853557 -0.12172350510959856 -0.9043674199393298 0.010660541746028873
-0.40902684270853557 -0.9043674199393298 0.12172350510959856 0.010660541746028873
-0.40902684270853557 -0.9043674199393298 -0.12172350510959856 0.010660541746028873
-0.4121431461444309 0.8125737222999154 0.4121431461444309 0.011218094911064807
-0.4121431461444309 0.8125737222999154 -0.4121431461444309 0.011218094911064807
-0.4121431461444309 0.4121431461444309 0.8125737222999154 0.011218094911064807
-0.4121431461444309 0.4121431461444309 -0.8125737222999154 0.011218094911064807
-0.4121431461444309 -0.4121431461444309 0.8125737222999154 0.011218094911064807
-0.4121431461444309 -0.4121431461444309 -0.8125737222999154 0.011218094911064807
-0.4121431461444309 -0.8125737222999154 0.4121431461444309 0.011218094911064807
-0.4121431461444309 -0.8125737222999154 -0.4121431461444309 0.011218094911064807
-0.4172752955306712 0.9087801316819104 0.0 0.010635212041756525
-0.4172752955306712 0.0 0.9087801316819104 0.010635212041756525
-0.4172752955306712 0.0 -0.9087801316819104 0.010635212041756525
-0.4172752955306712 -0.9087801316819104 0.0 0.010635212041756525
-0.4238644781522337 0.7043837184021764 0.5693702498468439 0.011442635813972018
-0.4238644781522337 0.7043837184021764 -0.5693702498468439 0.011442635813972018
-0.4238644781522337 0.5693702498468439 0.7043837184021764 0.011442635813972018
-0.4238644781522337 0.5693702498468439 -0.7043837184021764 0.011442635813972018
-0.4238644781522337 -0.5693702498468439 0.7043837184021764 0.011442635813972018
-0.4238644781522337 -0.5693702498468439 -0.7043837184021764 0.011442635813972018
-0.4238644781522337 -0.7043837184021764 0.5693702498468439 0.011442635813972018
-0.4238644781522337 -0.7043837184021764 -0.5693702498468439 0.011442635813972018
-0.4507422593157063 0.8396753624049855 0.30294669735289803 0.011121592794211722
-0.4507422593157063 0.8396753624049855 -0.30294669735289803 0.011121592794211722
-0.4507422593157063 0.30294669735289803 0.8396753624049855 0.011121592794211722
-0.4507422593157063 0.30294669735289803 -0.8396753624049855 0.011121592794211722
-0.4507422593157063 -0.30294669735289803 0.8396753624049855 0.011121592794211722
-0.4507422593157063 -0.30294669735289803 -0.8396753624049855 0.011121592794211722
-0.4507422593157063 -0.8396753624049855 0.30294669735289803 0.011121592794211722
-0.4507422593157063 -0.8396753624049855 -0.30294669735289803 0.011121592794211722
-0.4718993627149124 0.7447294696321062 0.4718993627149124 0.011386162518795692
-0.4718993627149124 0.7447294696321062 -0.4718993627149124 0.011386162518795692
-0.4718993627149124 0.4718993627149124 0.7447294696321062 0.011386162518795692
-0.4718993627149124 0.4718993627149124 -0.7447294696321062 0.011386162518795692
-0.4718993627149124 -0.4718993627149124 0.7447294696321062 0.011386162518795692
-0.4718993627149124 -0.4718993627149124 -0.7447294696321062 0.011386162518795692
-0.4718993627149124 -0.7447294696321062 0.4718993627149124 0.011386162518795692
-0.4718993627149124 -0.7447294696321062 -0.4718993627149124 0.011386162518795692
-0.4783809380769521 0.6209475332444017 0.6209475332444017 0.011471488049641182
-0.4783809380769521 0.6209475332444017 -0.6209475332444017 0.011471488049641182
-0.4783809380769521 -0.6209475332444017 0.6209475332444017 0.011471488049641182
-0.4783809380769521 -0.6209475332444017 -0.6209475332444017 0.011471488049641182
-0.47853206759224315 0.8581979986041618 0.18575051945473342 0.011072289696139114
-0.47853206759224315 0.8581979986041618 -0.18575051945473342 0.011072289696139114
-0.47853206759224315 0.18575051945473342 0.8581979986041618 0.011072289696139114
-0.47853206759224315 0.18575051945473342 -0.8581979986041618 0.011072289696139114
-0.47853206759224315 -0.18575051945473342 0.8581979986041618 0.011072289696139114
-0.47853206759224315 -0.18575051945473342 -0.8581979986041618 0.011072289696139114
-0.47853206759224315 -0.8581979986041618 0.18575051945473342 0.011072289696139114
-0.47853206759224315 -0.8581979986041618 -0.18575051945473342 0.011072289696139114
-0.4932221184851284 0.8676435628462706 0.06266250624154185 0.011062438286515635
-0.4932221184851284 0.8676435628462706 -0.06266250624154185 0.011062438286515635
-0.4932221184851284 0.06266250624154185 0.8676435628462706 0.011062438286515635
-0.4932221184851284 0.06266250624154185 -0.8676435628462706 0.011062438286515635
-0.4932221184851284 -0.06266250624154185 0.8676435628462706 0.011062438286515635
-0.4932221184851284 -0.06266250624154185 -0.8676435628462706 0.011062438286515635
-0.4932221184851284 -0.8676435628462706 0.06266250624154185 0.011062438286515635
-0.4932221184851284 -0.8676435628462706 -0.06266250624154185 0.011062438286515635
-0.5123518486419868 0.7773563069070348 0.3649832260597652 0.011338250340387277
-0.5123518486419868 0.7773563069070348 -0.3649832260597652 0.011338250340387277
-0.5123518486419868 0.3649832260597652 0.7773563069070348 0.011338250340387277
-0.5123518486419868 0.3649832260597652 -0.7773563069070348 0.011338250340387277
-0.5123518486419868 -0.3649832260597652 0.7773563069070348 0.011338250340387277
-0.5123518486419868 -0.3649832260597652 -0.7773563069070348 0.011338250340387277
-0.5123518486419868 -0.7773563069070348 0.3649832260597652 0.011338250340387277
-0.5123518486419868 -0.7773563069070348 -0.3649832260597652 0.011338250340387277
-0.5273145452842336 0.6662422537361042 0.5273145452842336 0.011460250090597916
-0.5273145452842336 0.6662422537361042 -0.5273145452842336 0.011460250090597916
-0.5273145452842336 0.5273145452842336 0.6662422537361042 0.011460250090597916
-0.5273145452842336 0.5273145452842336 -0.6662422537361042 0.011460250090597916
-0.5273145452842336 -0.5273145452842336 0.6662422537361042 0.011460250090597916
-0.5273145452842336 -0.5273145452842336 -0.6662422537361042 0.011460250090597916
-0.5273145452842336 -0.6662422537361042 0.5273145452842336 0.011460250090597916
-0.5273145452842336 -0.6662422537361042 -0.5273145452842336 0.011460250090597916
-0.5434303569693898 0.8015469370783528 0.2494112162362235 0.011322415128391725
-0.5434303569693898 0.8015469370783528 -0.2494112162362235 0.011322415128391725
-0.5434303569693898 0.2494112162362235 0.8015469370783528 0.011322415128391725
-0.5434303569693898 0.2494112162362235 -0.8015469370783528 0.011322415128391725
-0.5434303569693898 -0.2494112162362235 0.8015469370783528 0.011322415128391725
-0.5434303569693898 -0.2494112162362235 -0.8015469370783528 0.011322415128391725
-0.5434303569693898 -0.8015469370783528 0.2494112162362235 0.011322415128391725
-0.5434303569693898 -0.8015469370783528 -0.2494112162362235 0.011322415128391725
-0.5632123020762098 0.8165288564022187 0.1267774800684278 0.011336553076873167
-0.5632123020762098 0.8165288564022187 -0.1267774800684278 0.011336553076873167
-0.5632123020762098 0.1267774800684278 0.8165288564022187 0.011336553076873167
-0.5632123020762098 0.1267774800684278 -0.8165288564022187 0.011336553076873167
-0.5632123020762098 -0.1267774800684278 0.8165288564022187 0.011336553076873167
-0.5632123020762098 -0.1267774800684278 -0.8165288564022187 0.011336553076873167
-0.5632123020762098 -0.8165288564022187 0.1267774800684278 0.011336553076873167
-0.5632123020762098 -0.8165288564022187 -0.1267774800684278 0.011336553076873167
-0.5693702498468439 0.7043837184021764 0.4238644781522337 0.011442635813972018
-0.5693702498468439 0.7043837184021764 -0.4238644781522337 0.011442635813972018
-0.5693702498468439 0.4238644781522337 0.7043837184021764 0.011442635813972018
-0.5693702498468439 0.4238644781522337 -0.7043837184021764 0.011442635813972018
-0.5693702498468439 -0.4238644781522337 0.7043837184021764 0.011442635813972018
-0.5693702498468439 -0.4238644781522337 -0.7043837184021764 0.011442635813972018
-0.5693702498468439 -0.7043837184021764 0.4238644781522337 0.011442635813972018
-0.5693702498468439 -0.7043837184021764 -0.4238644781522337 0.011442635813972018
-0.5700366911792503 0.8216192370614334 0.0 0.011348843483969544
-0.5700366911792503 0.0 0.8216192370614334 0.011348843483969544
-0.5700366911792503 0.0 -0.8216192370614334 0.011348843483969544
-0.5700366911792503 -0.8216192370614334 0.0 0.011348843483969544
-0.5773502691896257 0.5773502691896257 0.5773502691896257 0.011477067075656652
-0.5773502691896257 0.5773502691896257 -0.5773502691896257 0.011477067075656652
-0.5773502691896257 -0.5773502691896257 0.5773502691896257 0.011477067075656652
-0.5773502691896257 -0.5773502691896257 -0.5773502691896257 0.011477067075656652
-0.6031161693096306 0.7344305757559499 0.31122759471496064 0.011445216092623889
-0.6031161693096306 0.7344305757559499 -0.31122759471496064 0.011445216092623889
-0.6031161693096306 0.31122759471496064 0.7344305757559499 0.011445216092623889
-0.6031161693096306 0.31122759471496064 -0.7344305757559499 0.011445216092623889
-0.6031161693096306 -0.31122759471496064 0.7344305757559499 0.011445216092623889
-0.6031161693096306 -0.31122759471496064 -0.7344305757559499 0.011445216092623889
-0.6031161693096306 -0.7344305757559499 0.31122759471496064 0.011445216092623889
-0.6031161693096306 -0.7344305757559499 -0.31122759471496064 0.011445216092623889
-0.6209475332444017 0.6209475332444017 0.4783809380769521 0.011471488049641182
-0.6209475332444017 0.6209475332444017 -0.4783809380769521 0.011471488049641182
-0.6209475332444017 0.4783809380769521 0.6209475332444017 0.011471488049641182
-0.6209475332444017 0.4783809380769521 -0.6209475332444017 0.011471488049641182
-0.6209475332444017 -0.4783809380769521 0.6209475332444017 0.011471488049641182
-0.6209475332444017 -0.4783809380769521 -0.6209475332444017 0.011471488049641182
-0.6209475332444017 -0.6209475332444017 0.4783809380769521 0.011471488049641182
-0.6209475332444017 -0.6209475332444017 -0.4783809380769521 0.011471488049641182
-0.6269805509024392 0.7553584143533509 0.19060182227792305 0.011475079348201543
-0.6269805509024392 0.7553584143533509 -0.19060182227792305 0.011475079348201543
-0.6269805509024392 0.19060182227792305 0.7553584143533509 0.011475079348201543
-0.6269805509024392 0.19060182227792305 -0.7553584143533509 0.011475079348201543
-0.6269805509024392 -0.19060182227792305 0.7553584143533509 0.011475079348201543
-0.6269805509024392 -0.19060182227792305 -0.7553584143533509 0.011475079348201543
-0.6269805509024392 -0.7553584143533509 0.19060182227792305 0.011475079348201543
-0.6269805509024392 -0.7553584143533509 -0.19060182227792305 0.011475079348201543
-0.6394279634749099 0.7661621213900393 0.06424549224220728 0.011508302534345042
-0.6394279634749099 0.7661621213900393 -0.06424549224220728 0.011508302534345042
-0.6394279634749099 0.06424549224220728 0.7661621213900393 0.011508302534345042
-0.6394279634749099 0.06424549224220728 -0.7661621213900393 0.011508302534345042
-0.6394279634749099 -0.06424549224220728 0.7661621213900393 0.011508302534345042
-0.6394279634749099 -0.06424549224220728 -0.7661621213900393 0.011508302534345042
-0.6394279634749099 -0.7661621213900393 0.06424549224220728 0.011508302534345042
-0.6394279634749099 -0.7661621213900393 -0.06424549224220728 0.011508302534345042
-0.6569722711857288 0.6569722711857288 0.3698308664594257 0.011473994785594521
-0.6569722711857288 0.6569722711857288 -0.3698308664594257 0.011473994785594521
-0.6569722711857288 0.3698308664594257 0.6569722711857288 0.011473994785594521
-0.6569722711857288 0.3698308664594257 -0.6569722711857288 0.011473994785594521
-0.6569722711857288 -0.3698308664594257 0.6569722711857288 0.011473994785594521
-0.6569722711857288 -0.3698308664594257 -0.6569722711857288 0.011473994785594521
-0.6569722711857288 -0.6569722711857288 0.3698308664594257 0.011473994785594521
-0.6569722711857288 -0.6569722711857288 -0.3698308664594257 0.011473994785594521
-0.6662422537361042 0.5273145452842336 0.5273145452842336 0.011460250090597916
-0.6662422537361042 0.5273145452842336 -0.5273145452842336 0.011460250090597916
-0.6662422537361042 -0.5273145452842336 0.5273145452842336 0.011460250090597916
-0.6662422537361042 -0.5273145452842336 -0.5273145452842336 0.011460250090597916
-0.6841788309070141 0.6841788309070141 0.25258395570071807 0.011501840416310754
-0.6841788309070141 0.6841788309070141 -0.25258395570071807 0.011501840416310754
-0.6841788309070141 0.25258395570071807 0.6841788309070141 0.011501840416310754
-0.6841788309070141 0.25258395570071807 -0.6841788309070141 0.011501840416310754
-0.6841788309070141 -0.25258395570071807 0.6841788309070141 0.011501840416310754
-0.6841788309070141 -0.25258395570071807 -0.6841788309070141 0.011501840416310754
-0.6841788309070141 -0.6841788309070141 0.25258395570071807 0.011501840416310754
-0.6841788309070141 -0.6841788309070141 -0.25258395570071807 0.011501840416310754
-0.701260433012363 0.701260433012363 0.12832618665972254 0.011545272921891236
-0.701260433012363 0.701260433012363 -0.12832618665972254 0.011545272921891236
-0.701260433012363 0.12832618665972254 0.701260433012363 0.011545272921891236
-0.701260433012363 0.12832618665972254 -0.701260433012363 0.011545272921891236
-0.701260433012363 -0.12832618665972254 0.701260433012363 0.011545272921891236
-0.701260433012363 -0.12832618665972254 -0.701260433012363 0.011545272921891236
-0.701260433012363 -0.701260433012363 0.12832618665972254 0.011545272921891236
-0.701260433012363 -0.701260433012363 -0.12832618665972254 0.011545272921891236
-0.7043837184021764 0.5693702498468439 0.4238644781522337 0.011442635813972018
-0.7043837184021764 0.5693702498468439 -0.4238644781522337 0.011442635813972018
-0.7043837184021764 0.4238644781522337 0.5693702498468439 0.011442635813972018
-0.7043837184021764 0.4238644781522337 -0.5693702498468439 0.011442635813972018
-0.7043837184021764 -0.4238644781522337 0.5693702498468439 0.011442635813972018
-0.7043837184021764 -0.4238644781522337 -0.5693702498468439 0.011442635813972018
-0.7043837184021764 -0.5693702498468439 0.4238644781522337 0.011442635813972018
-0.7043837184021764 -0.5693702498468439 -0.4238644781522337 0.011442635813972018
-0.7071067811865475 0.7071067811865475 0.0 0.01156763661782712
-0.7071067811865475 0.0 0.7071067811865475 0.01156763661782712
-0.7071067811865475 0.0 -0.7071067811865475 0.01156763661782712
-0.7071067811865475 -0.7071067811865475 0.0 0.01156763661782712
-0.7344305757559499 0.6031161693096306 0.31122759471496064 0.011445216092623889
-0.7344305757559499 0.6031161693096306 -0.31122759471496064 0.011445216092623889
-0.7344305757559499 0.31122759471496064 0.6031161693096306 0.011445216092623889
-0.7344305757559499 0.31122759471496064 -0.6031161693096306 0.011445216092623889
-0.7344305757559499 -0.31122759471496064 0.6031161693096306 0.011445216092623889
-0.7344305757559499 -0.31122759471496064 -0.6031161693096306 0.011445216092623889
-0.7344305757559499 -0.6031161693096306 0.31122759471496064 0.011445216092623889
-0.7344305757559499 -0.6031161693096306 -0.31122759471496064 0.011445216092623889
-0.7447294696321062 0.4718993627149124 0.4718993627149124 0.011386162518795692
-0.7447294696321062 0.4718993627149124 -0.4718993627149124 0.011386162518795692
-0.7447294696321062 -0.4718993627149124 0.4718993627149124 0.011386162518795692
-0.7447294696321062 -0.4718993627149124 -0.4718993627149124 0.011386162518795692
-0.7553584143533509 0.6269805509024392 0.19060182227792305 0.011475079348201543
-0.7553584143533509 0.6269805509024392 -0.19060182227792305 0.011475079348201543
-0.7553584143533509 0.19060182227792305 0.6269805509024392 0.011475079348201543
-0.7553584143533509 0.19060182227792305 -0.6269805509024392 0.011475079348201543
-0.7553584143533509 -0.19060182227792305 0.6269805509024392 0.011475079348201543
-0.7553584143533509 -0.19060182227792305 -0.6269805509024392 0.011475079348201543
-0.7553584143533509 -0.6269805509024392 0.19060182227792305 0.011475079348201543
-0.7553584143533509 -0.6269805509024392 -0.19060182227792305 0.011475079348201543
-0.7661621213900393 0.6394279634749099 0.06424549224220728 0.011508302534345042
-0.7661621213900393 0.6394279634749099 -0.06424549224220728 0.011508302534345042
-0.7661621213900393 0.06424549224220728 0.6394279634749099 0.011508302534345042
-0.7661621213900393 0.06424549224220728 -0.6394279634749099 0.011508302534345042
-0.7661621213900393 -0.06424549224220728 0.6394279634749099 0.011508302534345042
-0.7661621213900393 -0.06424549224220728 -0.6394279634749099 0.011508302534345042
-0.7661621213900393 -0.6394279634749099 0.06424549224220728 0.011508302534345042
-0.7661621213900393 -0.6394279634749099 -0.06424549224220728 0.011508302534345042
-0.7773563069070348 0.5123518486419868 0.3649832260597652 0.011338250340387277
-0.7773563069070348 0.5123518486419868 -0.3649832260597652 0.011338250340387277
-0.7773563069070348 0.3649832260597652 0.5123518486419868 0.011338250340387277
-0.7773563069070348 0.3649832260597652 -0.5123518486419868 0.011338250340387277
-0.7773563069070348 -0.3649832260597652 0.5123518486419868 0.011338250340387277
-0.7773563069070348 -0.3649832260597652 -0.5123518486419868 0.011338250340387277
-0.7773563069070348 -0.5123518486419868 0.3649832260597652 0.011338250340387277
-0.7773563069070348 -0.5123518486419868 -0.3649832260597652 0.011338250340387277
-0.8015469370783528 0.5434303569693898 0.2494112162362235 0.011322415128391725
-0.8015469370783528 0.5434303569693898 -0.2494112162362235 0.011322415128391725
-0.8015469370783528 0.2494112162362235 0.5434303569693898 0.011322415128391725
-0.8015469370783528 0.2494112162362235 -0.5434303569693898 0.011322415128391725
-0.8015469370783528 -0.2494112162362235 0.5434303569693898 0.011322415128391725
-0.8015469370783528 -0.2494112162362235 -0.5434303569693898 0.011322415128391725
-0.8015469370783528 -0.5434303569693898 0.2494112162362235 0.011322415128391725
-0.8015469370783528 -0.5434303569693898 -0.2494112162362235 0.011322415128391725
-0.8125737222999154 0.4121431461444309 0.4121431461444309 0.011218094911064807
-0.8125737222999154 0.4121431461444309 -0.4121431461444309 0.011218094911064807
-0.8125737222999154 -0.4121431461444309 0.4121431461444309 0.011218094911064807
-0.8125737222999154 -0.4121431461444309 -0.4121431461444309 0.011218094911064807
-0.8165288564022187 0.5632123020762098 0.1267774800684278 0.011336553076873167
-0.8165288564022187 0.5632123020762098 -0.1267774800684278 0.011336553076873167
-0.8165288564022187 0.1267774800684278 0.5632123020762098 0.011336553076873167
-0.8165288564022187 0.1267774800684278 -0.5632123020762098 0.011336553076873167
-0.8165288564022187 -0.1267774800684278 0.5632123020762098 0.011336553076873167
-0.8165288564022187 -0.1267774800684278 -0.5632123020762098 0.011336553076873167
-0.8165288564022187 -0.5632123020762098 0.1267774800684278 0.011336553076873167
-0.8165288564022187 -0.5632123020762098 -0.1267774800684278 0.011336553076873167
-0.8216192370614334 0.5700366911792503 0.0 0.011348843483969544
-0.8216192370614334 0.0 0.5700366911792503 0.011348843483969544
-0.8216192370614334 0.0 -0.5700366911792503 0.011348843483969544
-0.8216192370614334 -0.5700366911792503 0.0 0.011348843483969544
-0.8396753624049855 0.4507422593157063 0.30294669735289803 0.011121592794211722
-0.8396753624049855 0.4507422593157063 -0.30294669735289803 0.011121592794211722
-0.8396753624049855 0.30294669735289803 0.4507422593157063 0.011121592794211722
-0.8396753624049855 0.30294669735289803 -0.4507422593157063 0.011121592794211722
-0.8396753624049855 -0.30294669735289803 0.4507422593157063 0.011121592794211722
-0.8396753624049855 -0.30294669735289803 -0.4507422593157063 0.011121592794211722
-0.8396753624049855 -0.4507422593157063 0.30294669735289803 0.011121592794211722
-0.8396753624049855 -0.4507422593157063 -0.30294669735289803 0.011121592794211722
-0.8581979986041618 0.47853206759224315 0.18575051945473342 0.011072289696139114
-0.8581979986041618 0.47853206759224315 -0.18575051945473342 0.011072289696139114
-0.8581979986041618 0.18575051945473342 0.47853206759224315 0.011072289696139114
-0.8581979986041618 0.18575051945473342 -0.47853206759224315 0.011072289696139114
-0.8581979986041618 -0.18575051945473342 0.47853206759224315 0.011072289696139114
-0.8581979986041618 -0.18575051945473342 -0.47853206759224315 0.011072289696139114
-0.8581979986041618 -0.47853206759224315 0.18575051945473342 0.011072289696139114
-0.8581979986041618 -0.47853206759224315 -0.18575051945473342 0.011072289696139114
-0.8676435628462706 0.4932221184851284 0.06266250624154185 0.011062438286515635
-0.8676435628462706 0.4932221184851284 -0.06266250624154185 0.011062438286515635
-0.8676435628462706 0.06266250624154185 0.4932221184851284 0.011062438286515635
-0.8676435628462706 0.06266250624154185 -0.4932221184851284 0.011062438286515635
-0.8676435628462706 -0.06266250624154185 0.4932221184851284 0.011062438286515635
-0.8676435628462706 -0.06266250624154185 -0.4932221184851284 0.011062438286515635
-0.8676435628462706 -0.4932221184851284 0.06266250624154185 0.011062438286515635
-0.8676435628462706 -0.4932221184851284 -0.06266250624154185 0.011062438286515635
-0.869616915181954 0.349117760096376 0.349117760096376 0.010916019799855469
-0.869616915181954 0.349117760096376 -0.349117760096376 0.010916019799855469
-0.869616915181954 -0.349117760096376 0.349117760096376 0.010916019799855469
-0.869616915181954 -0.349117760096376 -0.349117760096376 0.010916019799855469
-0.8912407560074747 0.38542911506692223 0.23902784793817222 0.01075216275547236
-0.8912407560074747 0.38542911506692223 -0.23902784793817222 0.01075216275547236
-0.8912407560074747 0.23902784793817222 0.38542911506692223 0.01075216275547236
-0.8912407560074747 0.23902784793817222 -0.38542911506692223 0.01075216275547236
-0.8912407560074747 -0.23902784793817222 0.38542911506692223 0.01075216275547236
-0.8912407560074747 -0.23902784793817222 -0.38542911506692223 0.01075216275547236
-0.8912407560074747 -0.38542911506692223 0.23902784793817222 0.01075216275547236
-0.8912407560074747 -0.38542911506692223 -0.23902784793817222 0.01075216275547236
-0.9043674199393298 0.40902684270853557 0.12172350510959856 0.010660541746028873
-0.9043674199393298 0.40902684270853557 -0.12172350510959856 0.010660541746028873
-0.9043674199393298 0.12172350510959856 0.40902684270853557 0.010660541746028873
-0.9043674199393298 0.12172350510959856 -0.40902684270853557 0.010660541746028873
-0.9043674199393298 -0.12172350510959856 0.40902684270853557 0.010660541746028873
-0.9043674199393298 -0.12172350510959856 -0.40902684270853557 0.010660541746028873
-0.9043674199393298 -0.40902684270853557 0.12172350510959856 0.010660541746028873
-0.9043674199393298 -0.40902684270853557 -0.12172350510959856 0.010660541746028873
-0.9087801316819104 0.4172752955306712 0.0 0.010635212041756525
-0.9087801316819104 0.0 0.4172752955306712 0.010635212041756525
-0.9087801316819104 0.0 -0.4172752955306712 0.010635212041756525
-0.9087801316819104 -0.4172752955306712 0.0 0.010635212041756525
-0.9158068862086682 0.2839874532200173 0.2839874532200173 0.010432030319154743
-0.9158068862086682 0.2839874532200173 -0.2839874532200173 0.010432030319154743
-0.9158068862086682 -0.2839874532200173 0.2839874532200173 0.010432030319154743
-0.9158068862086682 -0.2839874532200173 -0.2839874532200173 0.010432030319154743
-0.9320822040143201 0.3173615246611973 0.17465516775786244 0.010180936061523515
-0.9320822040143201 0.3173615246611973 -0.17465516775786244 0.010180936061523515
-0.9320822040143201 0.17465516775786244 0.3173615246611973 0.010180936061523515
-0.9320822040143201 0.17465516775786244 -0.3173615246611973 0.010180936061523515
-0.9320822040143201 -0.17465516775786244 0.3173615246611973 0.010180936061523515
-0.9320822040143201 -0.17465516775786244 -0.3173615246611973 0.010180936061523515
-0.9320822040143201 -0.3173615246611973 0.17465516775786244 0.010180936061523515
-0.9320822040143201 -0.3173615246611973 -0.17465516775786244 0.010180936061523515
-0.940200799412881 0.3354616289066486 0.05905888853235394 0.01005124658581504
-0.940200799412881 0.3354616289066486 -0.05905888853235394 0.01005124658581504
-0.940200799412881 0.05905888853235394 0.3354616289066486 0.01005124658581504
-0.940200799412881 0.05905888853235394 -0.3354616289066486 0.01005124658581504
-0.940200799412881 -0.05905888853235394 0.3354616289066486 0.01005124658581504
-0.940200799412881 -0.05905888853235394 -0.3354616289066486 0.01005124658581504
-0.940200799412881 -0.3354616289066486 0.05905888853235394 0.01005124658581504
-0.940200799412881 -0.3354616289066486 -0.05905888853235394 0.01005124658581504
-0.9512470674805783 0.2180928891660608 0.2180928891660608 0.009701663550207563
-0.9512470674805783 0.2180928891660608 -0.2180928891660608 0.009701663550207563
-0.9512470674805783 -0.2180928891660608 0.2180928891660608 0.009701663550207563
-0.9512470674805783 -0.2180928891660608 -0.2180928891660608 0.009701663550207563
-0.9624249230326227 0.2475716463426287 0.11156409571564724 0.009343135395659117
-0.9624249230326227 0.2475716463426287 -0.11156409571564724 0.009343135395659117
-0.9624249230326227 0.11156409571564724 0.2475716463426287 0.009343135395659117
-0.9624249230326227 0.11156409571564724 -0.2475716463426287 0.009343135395659117
-0.9624249230326227 -0.11156409571564724 0.2475716463426287 0.009343135395659117
-0.9624249230326227 -0.11156409571564724 -0.2475716463426287 0.009343135395659117
-0.9624249230326227 -0.2475716463426287 0.11156409571564724 0.009343135395659117
-0.9624249230326227 -0.2475716463426287 -0.11156409571564724 0.009343135395659117
-0.966089643296119 0.25820689594969676 0.0 0.009212586853638634
-0.966089643296119 0.0 0.25820689594969676 0.009212586853638634
-0.966089643296119 0.0 -0.25820689594969676 0.009212586853638634
-0.966089643296119 -0.25820689594969676 0.0 0.009212586853638634
-0.976276606394685 0.15310778524699017 0.15310778524699017 0.008627187438741388
-0.976276606394685 0.15310778524699017 -0.15310778524699017 0.008627187438741388
-0.976276606394685 -0.15310778524699017 0.15310778524699017 0.008627187438741388
-0.976276606394685 -0.15310778524699017 -0.15310778524699017 0.008627187438741388
-0.9827986018263947 0.17717740226153222 0.052106394770112655 0.008150269576503371
-0.9827986018263947 0.17717740226153222 -0.052106394770112655 0.008150269576503371
-0.9827986018263947 0.052106394770112655 0.17717740226153222 0.008150269576503371
-0.9827986018263947 0.052106394770112655 -0.17717740226153222 0.008150269576503371
-0.9827986018263947 -0.052106394770112655 0.17717740226153222 0.008150269576503371
-0.9827986018263947 -0.052106394770112655 -0.17717740226153222 0.008150269576503371
-0.9827986018263947 -0.17717740226153222 0.052106394770112655 0.008150269576503371
-0.9827986018263947 -0.17717740226153222 -0.052106394770112655 0.008150269576503371
-0.9916107397220137 0.09140060412262146 0.09140060412262146 0.007042182692929972
-0.9916107397220137 0.09140060412262146 -0.09140060412262146 0.007042182692929972
-0.9916107397220137 -0.09140060412262146 0.09140060412262146 0.007042182692929972
-0.9916107397220137 -0.09140060412262146 -0.09140060412262146 0.007042182692929972
-0.9942333548213224 0.10723822154781618 0.0 0.006505581557691031
-0.9942333548213224 0.0 0.10723822154781618 0.006505581557691031
-0.9942333548213224 0.0 -0.10723822154781618 0.006505581557691031
-0.9942333548213224 -0.10723822154781618 0.0 0.006505581557691031
-0.9986206817999193 0.03712636449656972 0.03712636449656972 0.004637520929386613
-0.9986206817999193 0.03712636449656972 -0.03712636449656972 0.004637520929386613
-0.9986206817999193 -0.03712636449656972 0.03712636449656972 0.004637520929386613
-0.9986206817999193 -0.03712636449656972 -0.03712636449656972 0.004637520929386613
-1.0 0.0 0.0 0.0013888217504270273
