1.0 0.0 0.0 0.5983986006837749
0.7071067811865475 0.7071067811865475 0.0 0.4787188805470149
0.7071067811865475 0.0 0.7071067811865475 0.4787188805470149
0.7071067811865475 0.0 -0.7071067811865475 0.4787188805470149
0.7071067811865475 -0.7071067811865475 0.0 0.4787188805470149
0.5773502691896257 0.5773502691896257 0.5773502691896257 0.40391905546154305
0.5773502691896257 0.5773502691896257 -0.5773502691896257 0.40391905546154305
0.5773502691896257 -0.5773502691896257 0.5773502691896257 0.40391905546154305
0.5773502691896257 -0.5773502691896257 -0.5773502691896257 0.40391905546154305
0.0 1.0 0.0 0.5983986006837749
0.0 0.7071067811865475 0.7071067811865475 0.4787188805470149
0.0 0.7071067811865475 -0.7071067811865475 0.4787188805470149
0.0 0.0 1.0 0.5983986006837749
0.0 0.0 -1.0 0.5983986006837749
0.0 -0.7071067811865475 0.7071067811865475 0.4787188805470149
0.0 -0.7071067811865475 -0.7071067811865475 0.4787188805470149
0.0 -1.0 0.0 0.5983986006837749
-0.5773502691896257 0.5773502691896257 0.5773502691896257 0.40391905546154305
-0.5773502691896257 0.5773502691896257 -0.5773502691896257 0.40391905546154305
-0.5773502691896257 -0.5773502691896257 0.5773502691896257 0.40391905546154305
-0.5773502691896257 -0.5773502691896257 -0.5773502691896257 0.40391905546154305
-0.7071067811865475 0.7071067811865475 0.0 0.4787188805470149
-0.7071067811865475 0.0 0.7071067811865475 0.4787188805470149
-0.7071067811865475 0.0 -0.7071067811865475 0.4787188805470149
-0.7071067811865475 -0.7071067811865475 0.0 0.4787188805470149
-1.0 0.0 0.0 0.5983986006837749
