1.0 0.0 0.0 0.11967972013676001
0.8880738339771153 0.45970084338098255 0.0 0.35903916041026745
0.8880738339771153 0.0 0.45970084338098255 0.35903916041026745
0.8880738339771153 0.0 -0.45970084338098255 0.35903916041026745
0.8880738339771153 -0.45970084338098255 0.0 0.35903916041026745
0.5773502691896257 0.5773502691896257 0.5773502691896257 0.40391905546154305
0.5773502691896257 0.5773502691896257 -0.5773502691896257 0.40391905546154305
0.5773502691896257 -0.5773502691896257 0.5773502691896257 0.40391905546154305
0.5773502691896257 -0.5773502691896257 -0.5773502691896257 0.40391905546154305
0.45970084338098255 0.8880738339771153 0.0 0.35903916041026745
0.45970084338098255 0.0 0.8880738339771153 0.35903916041026745
0.45970084338098255 0.0 -0.8880738339771153 0.35903916041026745
0.45970084338098255 -0.8880738339771153 0.0 0.35903916041026745
0.0 1.0 0.0 0.11967972013676001
0.0 0.8880738339771153 0.45970084338098255 0.35903916041026745
0.0 0.8880738339771153 -0.45970084338098255 0.35903916041026745
0.0 0.45970084338098255 0.8880738339771153 0.35903916041026745
0.0 0.45970084338098255 -0.8880738339771153 0.35903916041026745
0.0 0.0 1.0 0.11967972013676001
0.0 0.0 -1.0 0.11967972013676001
0.0 -0.45970084338098255 0.8880738339771153 0.35903916041026745
0.0 -0.45970084338098255 -0.8880738339771153 0.35903916041026745
0.0 -0.8880738339771153 0.45970084338098255 0.35903916041026745
0.0 -0.8880738339771153 -0.45970084338098255 0.35903916041026745
0.0 -1.0 0.0 0.11967972013676001
-0.45970084338098255 0.8880738339771153 0.0 0.35903916041026745
-0.45970084338098255 0.0 0.8880738339771153 0.35903916041026745
-0.45970084338098255 0.0 -0.8880738339771153 0.35903916041026745
-0.45970084338098255 -0.8880738339771153 0.0 0.35903916041026745
-0.5773502691896257 0.5773502691896257 0.5773502691896257 0.40391905546154305
-0.5773502691896257 0.5773502691896257 -0.5773502691896257 0.40391905546154305
-0.5773502691896257 -0.5773502691896257 0.5773502691896257 0.40391905546154305
-0.5773502691896257 -0.5773502691896257 -0.5773502691896257 0.40391905546154305
-0.8880738339771153 0.45970084338098255 0.0 0.35903916041026745
-0.8880738339771153 0.0 0.45970084338098255 0.35903916041026745
-0.8880738339771153 0.0 -0.45970084338098255 0.35903916041026745
-0.8880738339771153 -0.45970084338098255 0.0 0.35903916041026745
-1.0 0.0 0.0 0.11967972013676001
